-304,240,-960

-288,240,-944

-288,240,-944

-288,240,-944

-288,240,-944

-288,240,-944

-288,240,-960

-288,240,-944

-288,240,-960

-288,240,-944

-288,240,-944

-288,240,-944

-288,240,-944

-288,240,-944

-288,256,-944

-288,240,-944

-288,240,-944

-288,240,-944

-288,240,-944

-288,240,-944

-288,240,-944

-288,240,-944

-288,240,-944

-288,240,-960

-288,240,-944

-288,256,-944

-288,240,-944

-288,240,-944

-288,256,-944

-272,256,-944

-272,256,-960

-320,256,-960

-272,272,-928

-272,256,-944

-272,256,-960

-288,256,-944

-256,256,-944

-240,240,-976

-288,240,-944

-288,256,-960

-384,-144,-928

-384,-192,-928

-384,-256,-912

-400,-400,-864

-400,-448,-880

-384,-432,-848

-400,-432,-864

-416,-416,-880

-400,-416,-848

-416,-384,-864

-400,-288,-880

-400,-336,-864

-416,-336,-848

-432,-384,-864

-416,-336,-864

-432,-352,-880

-416,-352,-864

-416,-352,-880

-416,-352,-864

-416,-352,-864

-416,-352,-864

-416,-352,-864

-432,-368,-864

-416,-368,-864

-416,-368,-848

-432,-368,-864

-416,-368,-864

-432,-368,-864

-432,-336,-864

-432,-352,-864

-448,-352,-848

-448,-368,-848

-448,-368,-848

-432,-368,-848

-464,-352,-848

-432,-384,-848

-432,-368,-848

-432,-352,-848

-432,-368,-848

-448,-368,-848

-448,-384,-848

-448,-368,-864

-448,-368,-848

-448,-368,-848

-448,-368,-848

-448,-352,-848

-432,-368,-848

-432,-368,-864

-448,-368,-864

-432,-368,-848

-432,-368,-848

-448,-368,-848

-432,-368,-848

-432,-368,-848

-448,-384,-848

-448,-368,-848

-432,-368,-848

-448,-368,-848

-432,-384,-848

-448,-384,-848

-448,-384,-848

-432,-368,-848

-448,-384,-848

-448,-384,-848

-432,-384,-848

-432,-368,-848

-432,-384,-848

-432,-384,-848

-448,-384,-848

-448,-384,-848

-432,-384,-848

-432,-368,-848

-432,-384,-848

-432,-384,-848

-448,-384,-848

-448,-384,-848

-448,-384,-848

-448,-384,-848

-448,-384,-848

-448,-384,-848

-448,-384,-848

-448,-384,-848

-448,-384,-848

-448,-384,-848

-432,-384,-848

-432,-384,-848

-448,-384,-848

-432,-384,-848

-448,-384,-848

-448,-384,-848

-448,-384,-848

-448,-384,-848

-432,-384,-848

-448,-384,-848

-448,-384,-848

-432,-384,-848

-448,-384,-848

-448,-384,-848

-448,-384,-848

-448,-384,-848

-448,-384,-848

-432,-368,-848

-448,-384,-848

-448,-384,-848

-448,-384,-848

-448,-384,-848

-448,-384,-848

-448,-384,-848

-448,-384,-848

-448,-384,-848

-448,-384,-832

-448,-384,-832

-448,-384,-848

-448,-384,-848

-448,-384,-848

-448,-384,-832

-448,-384,-848

-448,-384,-848

-448,-384,-848

-448,-384,-848

-432,-384,-848

-432,-384,-848

-448,-384,-848

-448,-384,-848

-448,-384,-848

-448,-384,-848

-448,-384,-832

-432,-384,-848

-448,-384,-848

-448,-384,-848

-448,-384,-848

-448,-384,-848

-448,-384,-848

-448,-384,-848

-432,-384,-848

-432,-384,-832

-448,-384,-848

-432,-384,-848

-448,-384,-848

-448,-384,-848

-448,-384,-848

-448,-384,-848

-448,-400,-848

-448,-400,-848

