368,-48,-960

368,-48,-960

368,-48,-960

368,-48,-944

352,-48,-944

368,-48,-960

368,-48,-944

368,-48,-960

368,-48,-944

368,-32,-960

368,-48,-944

368,-48,-960

368,-32,-960

368,-32,-960

368,-48,-960

368,-48,-960

368,-32,-944

368,-48,-960

368,-48,-960

368,-48,-944

368,-32,-960

368,-48,-944

368,-48,-960

368,-32,-960

368,-48,-960

368,-32,-960

368,-32,-960

368,-32,-960

368,-32,-960

368,-32,-944

368,-64,-960

384,-48,-960

384,-32,-960

368,-64,-976

352,0,-960

368,-48,-960

368,-80,-944

352,-16,-960

352,-16,-960

352,-64,-944

352,-48,-960

336,-32,-944

368,-32,-976

352,-32,-960

416,-32,-944

400,-32,-928

384,-16,-944

336,-48,-944

384,-32,-960

368,-32,-944

368,-64,-944

368,-48,-944

368,-48,-944

384,-48,-944

368,-48,-944

368,-48,-944

368,-48,-960

368,-80,-944

384,-96,-944

384,-160,-928

368,-176,-928

384,-208,-912

400,-272,-896

400,-336,-848

416,-416,-832

416,-464,-784

416,-480,-752

448,-544,-736

432,-576,-704

432,-608,-672

448,-688,-656

416,-656,-640

448,-640,-656

432,-640,-656

432,-608,-640

480,-656,-656

496,-640,-656

496,-576,-672

480,-560,-688

464,-528,-704

496,-560,-688

496,-560,-688

496,-512,-688

496,-560,-672

496,-560,-688

496,-560,-688

496,-560,-688

496,-544,-688

496,-560,-688

496,-544,-672

512,-560,-672

496,-560,-656

496,-560,-672

512,-576,-672

512,-560,-672

512,-576,-672

512,-576,-672

512,-576,-672

528,-560,-672

496,-576,-656

480,-528,-672

512,-576,-672

512,-560,-672

512,-592,-656

512,-592,-656

512,-576,-672

528,-592,-656

512,-576,-656

496,-576,-672

512,-576,-672

496,-592,-656

496,-576,-656

512,-576,-688

496,-576,-656

496,-576,-672

496,-576,-672

512,-576,-672

496,-576,-672

496,-576,-672

512,-576,-672

496,-576,-656

496,-576,-672

496,-576,-656

496,-576,-672

496,-576,-672

496,-576,-656

512,-576,-672

496,-592,-656

496,-592,-656

512,-576,-656

512,-576,-656

496,-592,-656

512,-576,-656

496,-592,-656

512,-576,-656

496,-576,-672

512,-592,-656

512,-576,-656

512,-576,-656

512,-576,-656

512,-576,-656

512,-592,-656

512,-592,-656

512,-576,-656

512,-576,-656

496,-576,-656

512,-576,-656

496,-576,-656

512,-576,-656

496,-576,-672

512,-576,-672

512,-576,-656

512,-576,-656

512,-576,-656

512,-576,-656

512,-576,-656

512,-576,-672

496,-576,-656

512,-576,-656

496,-576,-656

496,-576,-656

512,-576,-672

512,-576,-656

496,-576,-656

496,-576,-656

512,-592,-656

496,-592,-656

496,-592,-656

496,-592,-640

512,-576,-656

496,-576,-656

512,-576,-656

496,-592,-656

512,-592,-656

496,-576,-656

496,-592,-656

512,-592,-656

496,-592,-656

512,-592,-656

496,-592,-656

512,-592,-656

512,-592,-656

512,-592,-656

496,-592,-656

496,-592,-656

496,-592,-656

496,-576,-656

512,-576,-656

512,-576,-656

512,-576,-656

496,-592,-640

512,-576,-656

512,-576,-656

496,-576,-672

512,-576,-656

512,-576,-656

512,-576,-656

496,-576,-656

496,-592,-656

496,-576,-656

496,-576,-656

496,-576,-656

512,-592,-656

496,-576,-640

496,-576,-656

496,-592,-656

512,-576,-656

512,-592,-656

496,-592,-656

496,-592,-640

512,-592,-656

496,-592,-656

512,-592,-656

512,-592,-656

496,-592,-656

496,-592,-656

496,-592,-656

512,-592,-656

512,-592,-656

512,-576,-656

512,-576,-656

496,-592,-656

496,-592,-656

496,-576,-656

512,-592,-656

496,-576,-656

512,-576,-656

512,-576,-656

496,-576,-656

496,-576,-656

512,-576,-656

512,-576,-656

512,-576,-656

512,-576,-656

512,-592,-656

512,-592,-656

496,-576,-656

512,-576,-656

512,-576,-656

512,-592,-656

512,-576,-656

512,-592,-656

512,-592,-656

512,-576,-656

512,-592,-656

512,-576,-656

512,-592,-656

512,-592,-656

512,-592,-656

512,-592,-640

496,-592,-656

496,-592,-656

512,-592,-656

512,-592,-656

512,-592,-640

496,-592,-656

512,-592,-656

512,-592,-656

512,-592,-640

496,-592,-640

512,-592,-656

512,-592,-656

