-464,400,-816

-416,320,-832

-432,416,-848

-480,368,-848

-480,352,-848

-464,352,-832

-464,368,-816

-432,416,-816

-432,352,-832

-432,448,-800

-432,464,-816

-416,448,-816

-448,464,-816

-432,448,-800

-400,480,-800

-416,480,-816

-432,464,-800

-432,464,-816

-432,448,-800

-432,448,-816

-432,448,-816

-432,448,-800

-432,448,-800

-432,448,-816

-432,448,-800

-432,448,-800

-432,448,-816

-432,448,-816

-432,448,-816

-432,448,-816

-432,448,-816

-432,448,-816

-432,448,-816

-432,448,-816

-432,448,-816

-432,448,-816

-432,448,-816

-432,432,-816

-432,448,-816

-416,432,-816

-432,448,-832

-432,448,-832

-416,432,-816

-432,432,-832

-432,432,-816

-432,400,-848

-448,320,-864

-464,320,-864

-464,336,-864

-464,336,-864

-464,272,-864

-464,288,-880

-400,416,-832

-208,144,-992

-208,160,-992

-208,144,-992

-208,144,-992

-208,144,-992

-208,144,-992

-192,160,-992

-208,144,-992

-208,144,-992

-208,144,-992

-208,160,-992

-208,144,-992

-208,144,-992

-208,144,-992

-224,144,-976

-208,144,-992

-224,144,-992

-208,144,-992

-224,144,-992

-256,160,-960

-256,160,-976

-224,160,-992

-240,160,-992

-240,144,-992

-224,144,-976

-240,144,-992

-240,144,-976

-240,160,-992

-224,144,-976

-240,160,-976

-240,160,-976

-240,144,-976

-240,176,-992

-224,128,-976

-256,192,-992

-272,176,-960

-288,176,-976

-272,176,-960

-272,192,-976

-272,208,-960

-288,192,-960

-304,192,-960

-288,192,-960

-288,208,-960

-304,192,-960

-288,192,-960

-288,192,-960

-272,192,-976

-288,176,-960

-272,176,-976

-272,176,-976

-272,192,-976

-272,192,-976

-272,192,-928

-336,240,-928

-352,240,-912

-352,272,-912

-352,272,-912

-352,272,-912

-352,288,-912

-352,288,-912

-368,288,-912

-384,336,-896

-368,336,-896

-400,320,-896

-368,288,-912

-352,288,-912

-352,288,-912

-368,288,-912

-352,288,-912

-352,272,-912

-352,272,-912

-352,272,-912

-352,272,-912

-368,272,-912

-368,288,-912

-352,272,-912

-368,272,-912

-352,288,-928

-352,272,-912

-352,272,-912

-368,272,-912

-352,288,-912

-352,288,-912

-352,272,-912

-352,272,-912

-352,272,-912

-352,272,-928

-352,288,-912

-368,272,-912

-368,288,-912

-352,256,-928

-304,224,-944

-304,224,-960

-304,192,-960

-288,176,-976

-304,192,-976

-352,176,-960

-416,208,-976

-368,240,-896

-384,288,-928

-288,448,-880

-192,448,-912

-288,448,-880

-304,432,-880

-336,464,-864

-304,432,-864

-304,432,-896

-320,416,-864

-352,384,-896

-320,368,-880

-352,352,-912

-352,352,-896

-352,368,-896

-352,368,-896

-352,368,-896

-352,352,-896

-352,352,-880

-352,368,-896

-352,352,-880

-352,368,-880

-368,368,-880

-368,368,-880

-368,368,-896

-368,352,-864

-368,352,-880

-368,368,-896

-368,352,-880

-368,352,-880

-368,352,-880

-368,352,-880

-368,352,-880

-368,368,-880

-384,352,-880

-368,352,-880

-384,352,-880

-384,352,-880

-368,368,-880

-384,352,-880

-384,352,-896

-384,352,-880

-368,352,-880

-368,352,-880

-368,352,-880

-384,352,-880

-384,368,-880

-384,352,-880

-384,352,-880

-384,352,-880

-384,352,-880

-368,352,-880

-368,352,-880

-368,352,-880

-368,352,-880

-384,336,-880

-368,352,-880

-384,352,-880

-384,352,-880

-384,352,-880

-384,352,-880

-384,352,-880

-384,352,-880

-384,352,-896

-384,352,-880

-384,352,-880

-384,336,-880

-384,352,-880

-384,352,-880

-384,336,-880

-384,336,-880

-384,336,-880

-384,336,-880

-384,352,-880

-384,352,-880

-384,352,-880

-384,352,-880

-384,336,-880

-384,336,-880

-384,336,-880

-384,352,-880

-384,336,-880

-384,352,-880

-384,336,-880

-368,336,-880

-368,336,-880

-384,336,-896

-368,352,-880

-384,336,-896

-368,336,-880

-384,352,-896

-384,336,-880

-384,336,-896

-384,336,-896

-384,336,-896

-384,336,-880

-384,336,-880

-384,336,-896

-384,336,-880

-384,352,-880

-384,320,-896

-384,336,-896

-368,320,-896

-384,320,-896

-400,320,-896

-384,336,-880

-384,320,-896

-384,320,-896

-384,336,-880

-384,320,-896

-384,320,-896

-400,336,-896

-384,336,-880

-384,336,-880

-400,336,-896

-384,336,-880

-384,320,-880

-384,336,-880

-384,320,-880

-384,320,-896

-384,320,-880

-384,320,-896

-384,320,-896

-384,320,-896

-384,320,-880

-384,320,-896

-384,320,-896

-384,320,-896

-384,304,-896

-384,320,-896

-384,320,-896

-384,320,-896

-384,304,-896

-384,320,-896

-384,320,-880

-400,304,-896

-400,304,-896

-400,320,-896

-384,304,-880

-400,304,-896

-384,320,-896

-384,304,-896

-384,304,-880

-384,304,-896

-384,320,-896

-384,320,-896

-384,320,-896

-384,304,-896

-384,320,-896

-384,304,-896

-384,304,-896

-384,320,-896

-384,304,-896

-384,304,-896

-384,304,-896

-384,320,-896

-416,320,-912

-384,304,-880

-368,304,-912

-368,304,-912

-384,288,-896

-384,288,-896

-400,288,-896

-384,288,-896

-384,256,-896

-368,432,-832

-384,432,-848

-384,416,-848

-384,416,-848

-400,384,-864

-400,384,-864

-400,368,-864

-416,368,-848

-416,384,-864

-416,384,-848

-416,384,-864

-416,384,-864

-400,368,-864

-432,320,-880

-448,336,-864

-416,384,-848

-416,368,-864

-416,352,-864

-400,416,-848

-400,400,-848

-400,416,-848

-400,416,-848

-400,416,-848

-400,400,-864

-400,448,-848

-400,336,-912

-368,400,-896

-432,-48,-1008

-208,464,-640

-384,496,-1040

-336,224,-832

-368,384,-912

-368,432,-944

-368,320,-896

-240,352,-896

-432,320,-912

-416,336,-880

-384,320,-880

-368,304,-896

-352,448,-944

-480,240,-864

-288,320,-864

-448,320,-928

-384,336,-896

-384,304,-896

-384,304,-896

-384,320,-880

-400,320,-880

-400,320,-880

-400,320,-896

-400,320,-880

-400,320,-896

-384,336,-896

-400,320,-880

-368,304,-880

-400,336,-880

-432,304,-880

-400,304,-880

-400,336,-896

-384,336,-896

-384,336,-880

-384,336,-880

-400,320,-880

-384,336,-880

-416,416,-848

-368,288,-896

-368,304,-880

-384,368,-880

-352,352,-880

-368,352,-880

-368,352,-880

-384,368,-880

-368,368,-880

-352,368,-880

-352,416,-880

-352,400,-880

-368,384,-880

-336,384,-880

-352,384,-864

-352,384,-880

-368,368,-880

-352,384,-864

-352,384,-880

-352,384,-880

-352,368,-880

-352,384,-880

-352,368,-864

-352,368,-880

-352,368,-880

-352,368,-880

-336,384,-880

-352,384,-880

-352,384,-896

-352,368,-880

-336,384,-896

-384,336,-864

-416,352,-864

-464,544,-752

-528,464,-768

-544,416,-768

-512,416,-768

-528,448,-784

-528,432,-768

-560,336,-800

-496,336,-816

-464,272,-848

-448,256,-880

-448,208,-880

-480,144,-928

-448,208,-896

-416,192,-912

-368,272,-896

-320,352,-912

-288,368,-928

-272,352,-912

-288,288,-944

-304,304,-912

-336,272,-928

-368,256,-944

-368,224,-928

-400,224,-912

-416,208,-928

-416,224,-912

-416,208,-928

-416,224,-912

-400,224,-928

-400,224,-928

-400,224,-928

-400,224,-912

-400,208,-928

-400,208,-928

-400,224,-928

-384,224,-928

-384,224,-928

-400,224,-928

-384,224,-912

-384,224,-928

-384,224,-928

-384,224,-928

-400,240,-912

-384,224,-928

-400,208,-928

-384,224,-928

-384,224,-928

-400,208,-928

-384,224,-928

-400,224,-928

-384,208,-928

-384,224,-928

-400,224,-928

-400,208,-928

-384,224,-928

-384,224,-928

-384,224,-928

-384,224,-928

-384,224,-928

-384,208,-928

-384,224,-928

-384,224,-928

-384,208,-928

-384,208,-928

-384,208,-928

-384,224,-928

-384,208,-928

-384,224,-928

-384,208,-928

-384,224,-928

-384,224,-928

-384,208,-928

-400,224,-928

-368,208,-928

-384,208,-944

-384,208,-928

-368,208,-928

-368,224,-928

-384,208,-944

-384,208,-928

-400,208,-928

-400,192,-912

-384,192,-944

-384,208,-912

-384,224,-944

-368,208,-928

-368,208,-928

-368,208,-944

-368,208,-944

-368,208,-928

-368,208,-928

-384,208,-928

-368,192,-944

-368,208,-944

-384,208,-928

-400,192,-928

-384,176,-912

-352,176,-944

-352,272,-928

-384,208,-944

-368,224,-912

-400,192,-960

-352,240,-912

-384,176,-960

-400,240,-912

-368,176,-960

-368,176,-976

-368,208,-928

-352,208,-944

-320,256,-944

-288,256,-928

-320,208,-960

-352,192,-944

-368,192,-960

-336,208,-944

-272,224,-928

-352,192,-960

-320,208,-944

-368,240,-928

-352,176,-960

-336,224,-944

-352,208,-944

-320,224,-944

-336,208,-944

-336,224,-944

-336,224,-944

-336,208,-944

-352,208,-944

-336,224,-944

-336,208,-960

-352,208,-944

-352,192,-944

-336,192,-944

-336,192,-944

-384,192,-960

-352,128,-960

-304,288,-944

-288,320,-912

-320,304,-928

-304,320,-928

-304,320,-912

-304,336,-928

-304,320,-912

-336,304,-928

-320,304,-944

-304,288,-944

-304,288,-944

-320,288,-928

-320,288,-928

-320,288,-928

-320,272,-928

-320,272,-944

-304,272,-944

-320,256,-944

-304,272,-944

-320,256,-944

-320,256,-944

-320,256,-944

-304,256,-944

-320,256,-944

-304,256,-944

-320,272,-944

-320,256,-944

-320,272,-944

-320,256,-944

-320,256,-944

-320,256,-944

-304,256,-944

-320,240,-944

-304,240,-944

-320,208,-960

-368,256,-912

-384,304,-912

-352,256,-912

-336,224,-944

-336,80,-960

-320,80,-976

-320,80,-960

-320,64,-976

-336,64,-976

-336,64,-976

-336,64,-976

-336,64,-976

-320,64,-976

-336,64,-976

-320,64,-976

-320,64,-976

-320,48,-976

-336,64,-976

-320,64,-976

-336,64,-976

-336,48,-976

-336,48,-976

-336,48,-976

-336,48,-976

-336,48,-976

-320,48,-976

-336,48,-976

-336,48,-976

-336,48,-976

-336,48,-976

-320,48,-976

-320,48,-976

-320,48,-976

-304,48,-976

-320,64,-976

-320,48,-976

-320,48,-976

-320,48,-976

-320,48,-976

-320,48,-976

-336,48,-976

-320,48,-976

-304,48,-976

-320,48,-976

-352,48,-976

-336,32,-976

-320,48,-976

-320,48,-976

-304,32,-976

-352,64,-976

-352,48,-960

-336,48,-976

-336,48,-976

-320,48,-976

-336,48,-976

-320,48,-976

-320,48,-976

-320,48,-976

-320,48,-976

-320,48,-976

-320,64,-976

-336,48,-976

-336,48,-976

-336,48,-976

-336,48,-976

-336,48,-976

-336,48,-976

-320,48,-976

-336,48,-976

-336,48,-976

-352,64,-976

-336,48,-976

-336,48,-976

-336,64,-976

-320,48,-976

-320,48,-976

-320,48,-976

-336,48,-976

-320,48,-976

-336,64,-976

-320,64,-976

-320,48,-992

-320,48,-976

-320,48,-976

-320,48,-976

-304,48,-976

-304,48,-976

-320,32,-976

-304,48,-976

-288,32,-992

-336,32,-976

-288,48,-976

-288,48,-992

-272,32,-976

-320,48,-992

-352,0,-992

-256,80,-944

-224,48,-944

-384,-32,-1008

-352,0,-1008

-320,32,-976

-288,48,-976

-352,16,-992

-272,32,-960

-336,32,-992

-304,48,-976

-304,32,-976

-304,48,-992

-272,0,-976

-352,208,-912

-400,288,-864

-464,288,-896

-512,400,-832

-544,400,-752

-464,304,-816

-544,288,-832

-496,384,-832

-432,400,-848

-448,272,-864

-464,224,-928

-400,288,-864

-384,272,-880

-464,224,-896

-400,368,-832

-496,208,-896

-512,224,-880

-496,272,-848

-528,288,-848

-496,352,-832

-528,320,-864

-448,288,-848

-512,288,-848

-464,288,-848

-480,288,-864

-512,256,-864

-464,320,-848

-528,272,-864

-512,304,-848

-464,352,-832

-496,304,-848

-480,304,-848

-496,304,-848

-496,304,-848

-480,336,-848

-480,320,-832

-496,320,-832

-432,352,-848

-464,336,-864

-448,384,-832

-448,352,-864

-464,352,-848

-464,352,-848

-448,368,-832

-448,368,-848

-448,384,-832

-448,368,-848

-432,368,-848

-432,384,-848

-448,368,-848

-432,384,-848

-432,384,-848

-432,368,-848

-624,80,-896

-400,-576,-608

-528,544,-896

-480,336,-768

-528,416,-832

-480,368,-800

-496,336,-832

-480,352,-848

-480,352,-832

-480,352,-848

-480,352,-832

-464,352,-832

-528,368,-848

-480,352,-848

-480,352,-848

-480,352,-832

-480,352,-848

-464,352,-848

-464,336,-848

-464,352,-848

-464,352,-848

-464,352,-832

-480,352,-848

-480,352,-832

-480,352,-848

-464,336,-848

-464,352,-848

-464,336,-848

-464,352,-848

-464,336,-848

-464,336,-848

-464,336,-848

-464,336,-848

-464,336,-848

-480,336,-848

-480,336,-848

-464,336,-832

-464,336,-848

-480,336,-848

-464,320,-848

-464,336,-848

-480,336,-848

-464,336,-848

-464,336,-848

-464,336,-848

-464,336,-848

-464,336,-848

-464,336,-848

-464,336,-848

-464,336,-848

-464,336,-848

-480,336,-848

-480,336,-848

-464,336,-848

-480,320,-848

-464,336,-848

-480,320,-848

-480,320,-848

-480,320,-848

-480,320,-848

-480,320,-848

-480,320,-848

-480,320,-848

-480,320,-848

-480,320,-848

-480,320,-848

-480,304,-848

-480,320,-864

-480,320,-848

-480,320,-848

-480,320,-848

-480,320,-848

-480,320,-848

-480,320,-848

-480,320,-848

-480,320,-848

-480,304,-848

-480,320,-848

-480,320,-848

-480,304,-848

-480,320,-848

-480,304,-848

-480,304,-848

-480,304,-848

-480,368,-864

-464,256,-848

-496,256,-848

-464,352,-848

-480,352,-848

-480,336,-848

-480,336,-848

-480,320,-848

-480,320,-848

-480,320,-848

-480,304,-848

-480,304,-848

-480,304,-848

-480,304,-848

-480,304,-848

-496,288,-864

-496,288,-848

-480,288,-864

-480,288,-864

-432,384,-832

-432,368,-848

-432,368,-848

-432,368,-848

-448,368,-848

-448,368,-848

-464,368,-848

-448,368,-848

-448,368,-848

-448,368,-848

-464,352,-848

-448,352,-864

-448,352,-848

-448,352,-848

-464,352,-848

-464,352,-848

-464,352,-848

-464,352,-848

-464,336,-848

-464,368,-848

-528,320,-848

-528,288,-832

-528,336,-816

-512,304,-816

-512,320,-832

-512,304,-816

-528,304,-816

-528,288,-832

-528,304,-832

-544,304,-816

-544,288,-816

-544,304,-832

-528,272,-832

-528,272,-832

-528,288,-832

-528,288,-832

-528,304,-832

-528,288,-832

-528,288,-832

-544,272,-832

-528,288,-832

-528,256,-832

-528,272,-816

-544,288,-832

-544,256,-816

-560,272,-832

-544,272,-832

-528,272,-832

-528,272,-832

-528,272,-832

-544,272,-832

-528,272,-832

-528,272,-832

-528,272,-832

-528,272,-832

-528,272,-848

-528,272,-832

-528,272,-848

-528,272,-848

-512,272,-848

-528,272,-848

-528,272,-832

-512,272,-848

-512,272,-848

-512,272,-848

-528,272,-848

-512,272,-848

-512,272,-848

-512,272,-848

-512,272,-848

-512,272,-848

-512,272,-848

-512,272,-848

-512,256,-848

-512,256,-848

-512,272,-848

-512,272,-848

-512,256,-848

-512,256,-848

-512,256,-848

-512,256,-864

-512,256,-848

-512,272,-848

-512,256,-848

-512,272,-848

-512,256,-848

-528,304,-832

-544,288,-816

-544,304,-816

-560,304,-816

-544,304,-816

-544,336,-800

-336,512,-800

-352,512,-864

-320,672,-720

-304,656,-704

-352,640,-736

-320,672,-720

-352,608,-736

-336,640,-736

-352,640,-736

-448,448,-800

-432,448,-848

-448,320,-880

-416,336,-800

-528,352,-832

-496,368,-800

-512,352,-800

-496,352,-800

-640,320,-800

-640,304,-768

-464,320,-832

-512,384,-832

-528,192,-880

-464,288,-848

-512,368,-832

-528,352,-816

-496,352,-816

-528,320,-816

-512,336,-816

-512,320,-816

-560,320,-832

