-464,464,-768

-368,512,-720

-432,528,-752

-512,448,-720

-640,416,-768

-464,448,-704

-512,528,-720

-448,592,-736

-496,528,-736

-480,544,-720

-480,496,-736

-496,512,-752

-496,512,-752

-464,512,-752

-480,496,-752

-480,496,-752

-480,480,-752

-480,480,-768

-528,528,-736

-496,480,-736

-480,480,-736

-512,432,-752

-480,512,-752

-512,480,-736

-528,464,-752

-464,544,-736

-528,464,-752

-480,480,-752

-480,512,-736

-512,480,-736

-496,512,-736

-480,512,-752

-496,512,-752

-496,496,-752

-496,464,-768

-480,496,-752

-480,480,-752

-496,496,-752

-480,480,-752

-496,480,-768

-480,480,-752

-480,480,-768

-496,496,-752

-496,480,-768

-480,496,-752

-480,496,-752

-480,480,-752

-480,480,-768

-480,496,-768

-496,480,-768

-480,496,-752

-480,496,-768

-480,480,-768

-480,480,-768

-464,512,-768

-496,480,-768

-480,464,-768

-480,496,-768

-448,480,-752

-464,464,-768

-480,496,-768

-480,464,-784

-464,480,-752

-496,464,-768

-512,496,-752

-432,464,-768

-528,448,-768

-512,496,-752

-512,448,-752

-496,448,-736

-512,464,-752

-496,464,-768

-528,464,-752

-496,448,-752

-512,448,-768

-528,432,-784

-480,464,-768

-480,496,-768

-496,480,-768

-496,480,-752

-528,448,-752

-512,480,-752

-512,480,-752

-496,480,-752

-512,496,-752

-496,480,-752

-496,464,-752

-496,480,-752

-496,480,-752

-496,480,-752

-512,464,-752

-496,480,-752

-496,464,-752

-496,464,-768

-512,464,-768

-496,464,-768

-512,448,-768

-496,416,-768

-496,464,-768

-496,480,-784

-480,464,-784

-480,464,-768

-480,464,-768

-480,480,-768

-480,464,-768

-480,432,-784

-480,464,-768

-480,464,-784

-496,448,-768

-496,448,-784

-480,464,-784

-480,464,-768

-480,448,-768

-496,448,-784

-496,448,-768

-480,448,-768

-496,448,-768

-496,464,-768

-480,464,-768

-496,480,-768

-496,464,-768

-480,480,-768

-496,464,-768

-496,480,-768

-496,464,-752

-496,480,-768

-496,464,-768

-480,464,-768

-496,464,-768

-496,464,-768

-480,464,-768

-496,464,-768

-496,480,-768

-496,464,-768

-496,448,-768

-496,480,-768

-496,464,-768

-496,464,-768

-480,448,-768

-464,464,-784

-480,464,-784

-496,432,-784

-464,480,-768

-480,480,-768

-464,496,-768

-480,480,-768

-496,480,-768

-496,480,-768

-496,480,-752

-496,464,-768

-496,480,-752

-496,480,-768

-480,480,-752

-496,480,-768

-496,480,-752

-496,464,-752

-496,480,-752

-512,464,-768

-496,464,-752

-496,480,-752

-512,480,-752

-512,464,-752

-496,480,-752

-496,480,-768

-496,480,-752

-496,480,-752

-496,480,-752

-496,480,-752

-496,480,-752

-512,480,-752

-496,480,-752

-496,496,-752

-496,496,-752

-496,496,-752

-496,480,-752

-496,496,-752

-512,496,-752

-496,480,-752

-496,496,-752

-512,496,-752

-480,496,-752

-512,496,-752

-528,432,-768

-512,464,-752

-496,496,-752

-496,480,-752

-496,480,-752

-496,480,-752

-496,496,-752

-512,480,-752

-496,480,-752

-496,480,-752

-496,496,-752

-512,480,-752

-496,480,-752

-496,480,-752

-496,480,-752

-496,480,-752

-496,496,-752

-496,480,-752

-496,480,-752

-496,496,-752

-496,496,-752

-512,480,-752

-496,480,-752

-496,496,-752

-512,480,-752

-512,464,-752

-480,512,-736

-512,496,-736

-512,496,-736

-496,480,-736

-512,496,-736

-496,496,-736

-528,480,-736

-528,480,-736

-496,496,-736

-480,496,-768

-528,384,-816

-480,384,-784

-496,368,-816

-464,448,-656

-528,368,-800

-528,368,-800

-512,384,-816

-528,368,-784

-512,400,-784

-512,384,-784

-528,384,-800

-528,384,-784

-528,384,-784

-512,352,-800

-528,400,-768

-528,400,-800

-544,384,-784

-528,400,-800

-528,384,-784

-528,400,-784

-528,384,-784

-528,368,-784

-528,368,-784

-544,384,-784

-528,384,-784

-528,384,-784

-528,384,-784

-528,384,-784

-528,384,-784

-528,384,-784

-528,384,-784

-528,384,-784

-528,384,-784

-528,368,-800

-528,384,-784

-528,384,-784

-544,384,-784

-528,384,-784

-528,384,-784

-528,384,-784

-528,384,-784

-544,400,-800

-528,384,-784

-528,384,-784

-528,384,-784

-528,400,-784

-528,384,-784

-528,384,-784

-528,384,-784

-528,384,-784

-528,384,-784

-528,384,-784

-528,384,-784

-528,384,-800

-528,384,-784

-528,384,-784

-528,384,-784

-528,384,-784

-544,384,-784

-528,384,-784

-528,384,-784

-528,384,-784

-528,384,-784

-528,384,-784

-528,384,-784

-528,384,-784

-528,384,-784

-528,384,-784

-528,384,-784

-528,384,-784

-528,384,-784

-528,384,-784

-528,384,-784

-544,384,-784

-528,384,-784

-544,384,-784

-528,384,-784

-544,384,-784

-544,368,-784

-528,368,-784

-528,384,-784

-528,384,-784

-528,368,-784

-528,368,-800

-528,368,-800

-528,352,-800

-544,368,-800

-528,368,-784

-544,368,-784

-528,384,-784

-544,368,-784

-512,352,-800

-528,336,-816

-544,352,-800

-528,320,-800

-544,336,-816

-528,368,-768

-544,272,-800

-592,368,-832

-544,352,-768

-560,336,-800

-560,352,-800

-528,320,-800

-544,304,-800

-560,336,-784

-560,352,-784

-560,336,-784

-560,352,-784

-560,352,-784

-560,352,-784

-560,352,-784

-560,352,-784

-560,352,-784

-560,352,-784

-560,352,-784

-560,352,-784

-560,352,-800

-544,368,-784

-544,368,-784

-544,368,-784

-560,368,-784

-544,368,-784

-560,352,-784

-560,352,-784

-560,352,-784

-560,368,-784

-560,352,-784

-560,352,-784

-560,352,-784

-560,368,-784

-560,352,-768

-560,352,-784

-560,352,-784

-560,352,-784

-560,352,-784

-560,352,-784

-576,336,-784

-544,368,-768

-576,352,-784

-560,352,-784

-560,352,-784

-560,352,-784

-560,352,-784

-560,352,-784

-560,352,-784

-560,368,-784

-560,336,-768

-560,368,-784

-576,352,-784

-560,336,-784

-576,352,-784

-544,320,-784

-592,352,-784

-560,336,-768

-576,336,-784

-576,336,-784

-560,336,-784

-576,336,-784

-560,336,-784

-560,352,-784

-576,336,-784

-576,352,-784

-560,336,-784

-576,336,-784

-576,336,-784

-560,336,-784

-576,336,-784

-576,336,-784

-576,352,-784

-576,336,-784

-576,336,-784

-576,336,-784

-576,336,-784

-576,336,-784

-576,336,-784

-576,352,-784

-576,336,-784

-576,336,-784

-560,352,-784

-576,352,-784

-560,352,-784

-560,336,-784

-560,352,-784

-576,352,-784

-560,352,-784

-560,352,-784

-576,352,-784

-576,352,-800

-576,336,-784

-528,336,-784

-576,336,-784

-576,352,-784

-528,336,-784

-576,352,-784

-560,336,-784

-560,336,-800

-560,352,-784

-560,352,-784

-560,352,-784

-560,352,-784

-576,336,-784

-544,352,-784

-560,352,-800

-560,368,-784

-544,352,-800

-560,352,-784

-560,368,-784

-544,352,-784

-544,368,-784

-544,352,-784

-544,352,-784

-544,352,-784

-560,368,-784

-544,368,-784

-544,368,-800

-544,352,-784

-544,368,-784

-544,368,-784

-544,352,-784

-560,368,-784

-560,368,-784

-560,368,-784

-560,352,-784

-560,352,-784

-560,352,-784

-560,352,-784

-544,352,-784

-560,368,-784

-560,368,-784

-544,352,-784

-544,352,-800

-544,352,-800

-544,336,-800

-544,336,-800

-544,352,-800

-544,352,-816

-544,352,-800

-528,304,-832

-528,304,-832

-512,288,-848

-496,240,-848

-512,192,-880

-528,208,-864

-528,208,-864

-544,240,-848

-528,240,-848

-528,256,-848

-528,272,-848

-528,240,-848

-528,224,-864

-528,256,-848

-528,256,-848

-528,224,-864

-528,256,-848

-528,240,-848

-528,256,-848

-512,240,-848

-528,256,-848

-528,256,-848

-528,240,-848

-528,240,-848

-528,240,-848

-528,240,-848

-528,240,-848

-528,240,-848

-528,256,-848

-528,240,-848

-528,240,-848

-528,240,-848

-528,256,-848

-528,256,-848

-528,240,-848

-528,240,-848

-528,256,-848

-528,240,-848

-528,240,-848

-528,240,-848

-528,240,-848

-528,240,-848

-528,240,-848

-528,256,-848

-528,240,-848

-528,240,-848

-528,240,-848

-528,256,-848

-544,240,-848

-528,240,-848

-528,240,-848

-544,240,-848

-528,240,-848

-544,256,-848

-528,256,-848

-528,256,-832

-528,256,-848

-544,256,-848

-544,240,-848

-544,240,-848

-544,240,-848

-544,240,-848

-528,240,-848

-544,256,-848

-528,240,-848

-544,256,-848

-544,256,-848

-528,240,-832

-544,240,-832

-544,240,-848

-528,256,-848

-528,256,-848

-544,256,-848

-528,240,-832

-544,256,-848

-528,256,-848

-528,256,-848

-528,256,-832

-544,256,-832

-528,256,-848

-528,256,-848

-544,256,-848

-528,256,-848

-544,256,-848

-544,240,-848

-544,256,-832

-544,240,-848

-544,256,-848

-544,240,-848

-544,256,-832

-544,240,-848

-544,240,-832

-544,256,-848

-544,256,-848

-544,256,-848

-544,256,-848

-576,336,-816

-640,176,-800

-592,208,-832

-576,176,-816

-592,208,-832

-592,224,-816

-592,224,-816

-592,208,-816

-608,208,-816

-592,208,-816

-592,224,-832

-592,208,-816

-592,208,-816

-592,208,-816

-592,208,-832

-576,208,-816

-592,208,-816

-592,208,-816

-592,208,-816

-592,208,-816

-592,208,-816

-592,208,-816

-592,208,-816

-592,208,-816

-592,208,-816

-592,208,-816

-592,208,-832

-592,208,-816

-592,208,-816

-592,208,-816

-592,208,-816

-592,208,-816

-592,208,-816

-592,208,-816

-592,208,-832

-592,208,-816

-592,208,-816

-592,208,-832

-592,208,-816

-592,208,-832

-592,208,-816

-592,208,-816

-592,208,-816

-592,208,-816

-592,208,-816

-592,208,-832

-592,208,-816

-592,208,-816

-592,208,-816

-592,208,-816

-592,208,-816

-592,224,-816

-592,208,-832

-592,208,-816

-592,208,-816

-592,208,-816

-592,208,-816

-592,208,-816

-592,208,-816

-576,176,-832

-640,208,-832

-608,208,-784

-624,224,-816

-608,208,-800

-640,224,-800

-592,192,-816

-608,208,-816

-608,224,-816

-672,240,-784

-592,208,-800

-624,240,-800

-592,176,-832

-560,192,-832

-688,272,-784

-576,176,-832

-608,208,-816

-576,192,-800

-608,208,-800

-608,224,-800

-608,208,-800

-608,208,-800

-592,224,-800

-608,224,-800

-624,240,-800

-608,224,-800

-608,208,-800

-608,208,-800

-608,224,-800

-608,224,-800

-608,208,-800

-608,208,-800

-608,224,-800

-608,224,-800

-608,208,-816

-608,224,-800

-608,224,-800

-608,208,-800

-608,224,-800

-608,208,-800

-592,208,-816

-624,208,-800

-608,224,-800

-608,208,-800

-608,224,-800

-608,208,-816

-608,208,-800

-608,208,-800

-608,208,-800

-608,208,-800

-608,224,-800

-608,208,-800

-608,208,-800

-592,208,-800

-608,208,-800

-608,208,-800

-608,208,-800

-608,208,-800

-608,208,-800

-608,208,-800

-608,208,-800

-608,208,-800

-608,208,-800

-608,208,-800

-608,208,-800

-608,208,-800

-608,208,-800

-608,208,-800

-608,208,-800

-608,208,-800

-608,208,-800

-608,208,-800

-608,208,-816

-624,192,-800

-608,208,-784

-608,224,-800

-608,208,-800

-608,208,-784

-624,224,-800

-624,224,-768

-608,208,-800

-624,224,-784

-608,208,-800

-672,240,-768

-608,272,-768

-624,208,-784

-624,208,-800

-624,224,-800

-624,224,-784

-624,208,-784

-640,224,-784

-640,224,-784

-624,208,-784

-640,208,-784

-624,208,-784

-624,208,-784

-624,208,-784

-624,208,-784

-640,208,-800

-640,192,-800

-656,208,-800

-608,224,-784

-656,192,-832

-624,192,-800

-640,240,-800

-608,256,-784

-608,272,-768

-672,480,-848

-560,432,-720

-560,432,-736

-528,496,-704

-560,496,-704

-576,464,-704

-512,512,-704

-528,480,-704

-528,496,-688

-576,592,-672

-496,592,-704

-512,560,-688

-496,608,-672

-528,544,-688

-576,480,-736

-512,496,-752

-416,464,-800

-448,544,-752

-480,528,-752

-432,496,-736

-464,544,-752

-480,480,-752

-464,512,-752

-464,512,-752

-480,480,-768

-464,512,-752

-448,512,-736

-496,464,-784

-496,480,-768

-464,512,-768

-496,464,-752

-464,464,-752

-480,480,-768

-480,496,-768

-464,480,-752

-464,512,-768

-448,496,-752

-480,464,-784

-480,480,-768

-448,384,-800

-544,384,-880

-416,448,-752

-480,464,-816

-464,432,-784

-480,448,-784

-448,512,-736

-480,560,-752

-464,544,-736

-464,528,-752

-464,496,-752

-480,496,-768

-464,496,-752

-464,464,-768

-480,496,-768

-464,464,-768

-480,464,-784

-464,480,-768

-480,464,-784

-480,448,-784

-480,448,-768

-480,464,-784

-480,448,-784

-480,448,-784

-480,464,-784

-480,448,-784

-480,448,-800

-448,304,-752

-496,416,-784

-496,352,-784

-512,416,-832

-512,464,-784

-528,448,-784

-480,448,-784

-496,368,-784

-528,432,-800

-496,432,-800

-416,544,-784

-448,592,-704

-464,624,-656

-480,656,-624

-528,608,-688

-448,608,-640

-544,608,-688

-464,560,-704

-464,656,-672

-432,672,-656

-416,608,-656

-464,544,-736

-320,608,-832

-400,192,-944

-400,32,-1024

-384,368,-800

-512,448,-960

-368,624,-704

-352,672,-736

-320,272,-704

-416,544,-736

-400,592,-736

-432,144,-912

-400,432,-816

-528,368,-848

-384,320,-864

-416,272,-816

-464,176,-864

-528,272,-864

-560,240,-864

-464,240,-864

-432,304,-848

-480,320,-896

-432,288,-864

-464,304,-896

-448,272,-880

-464,336,-880

-480,192,-864

-512,224,-880

-512,208,-864

-480,144,-832

-528,576,-1008

-336,224,-832

-368,176,-656

-704,704,-1056

-432,304,-896

-560,352,-784

-496,400,-816

-560,384,-784

-560,384,-768

-592,400,-752

-576,416,-752

-592,336,-784

-480,528,-752

-496,592,-608

-464,768,-672

-400,704,-656

-464,448,-736

-448,608,-688

-464,592,-688

-448,544,-720

-432,560,-752

-432,544,-752

-400,512,-752

-304,528,-688

-288,640,-816

-256,464,-864

-224,448,-832

-240,528,-864

-160,624,-832

-240,624,-896

-272,384,-992

-112,288,-912

-320,224,-928

-432,272,-912

-496,560,-688

-528,624,-672

-496,624,-656

-512,608,-640

-512,592,-656

-512,576,-656

-512,592,-656

-528,544,-656

-528,576,-672

-528,640,-640

-528,576,-656

-528,608,-640

-528,592,-640

-528,592,-656

-528,592,-656

-528,608,-640

-544,592,-640

-544,592,-656

-528,592,-640

-544,592,-640

-544,592,-656

-544,608,-640

-544,608,-640

-528,592,-640

-544,592,-640

-528,608,-640

-544,592,-640

-528,608,-656

-528,576,-640

-528,608,-640

-528,592,-640

-544,576,-640

-528,608,-656

-512,592,-656

-528,592,-656

-528,608,-640

-528,592,-640

-528,576,-656

-528,640,-656

-560,576,-656

-512,592,-656

-528,624,-640

-528,592,-640

-528,576,-640

-528,608,-656

-528,608,-640

-544,560,-640

-512,592,-656

-544,592,-640

-544,656,-608

-544,528,-656

-544,656,-640

-512,592,-640

-528,608,-640

-544,592,-640

-528,608,-656

-544,592,-640

-512,576,-640

-544,624,-640

-544,592,-656

-528,608,-624

-544,592,-640

-528,608,-656

-528,608,-624

-544,592,-640

-512,640,-640

-528,576,-624

-512,576,-640

-512,592,-640

-544,608,-640

-544,576,-640

-544,624,-640

-528,592,-640

-512,560,-640

-576,592,-640

-512,592,-640

-544,624,-640

-544,576,-656

-528,608,-640

-528,592,-656

-528,592,-656

-528,624,-656

-576,608,-656

-480,640,-672

-464,608,-688

-480,464,-688

-576,240,-800

-512,320,-768

-624,336,-816

-656,96,-848

-512,32,-816

-496,64,-864

-544,16,-880

-704,160,-784

-624,432,-752

-320,96,-928

-176,-64,-992

-304,96,-992

-480,512,-768

-688,480,-720

-624,320,-768

-432,304,-816

-496,352,-768

-512,416,-784

-528,592,-704

-512,656,-608

-480,608,-640

-544,576,-656

-608,448,-688

-576,480,-720

-528,528,-704

-560,512,-704

-544,544,-704

-528,528,-704

-544,544,-688

-544,544,-688

-544,544,-704

-528,528,-704

-528,528,-704

-528,544,-704

-528,544,-704

-544,544,-704

-528,528,-704

-544,528,-704

-528,544,-688

-528,544,-688

-528,544,-704

-528,528,-704

-528,544,-704

-544,528,-704

-544,528,-704

-544,528,-704

-528,528,-704

-528,528,-704

-528,544,-704

-528,528,-704

-528,528,-704

-528,528,-704

-528,544,-704

-528,528,-704

-528,528,-704

-528,528,-704

-528,528,-704

-528,528,-704

-528,528,-704

-528,528,-704

-528,528,-704

-528,544,-704

-528,544,-704

-528,528,-704

-544,528,-704

-528,544,-704

-544,528,-688

-528,528,-704

-560,576,-672

-576,544,-672

-512,528,-720

-528,528,-720

-512,528,-720

-496,528,-704

-528,496,-736

-528,480,-736

-512,544,-720

-512,512,-720

-528,512,-704

-528,528,-704

-528,560,-704

-528,528,-704

-544,544,-704

-544,528,-704

-528,528,-704

-528,528,-704

-528,528,-704

-528,528,-704

-528,528,-704

-528,544,-704

-528,528,-704

-528,544,-704

-528,528,-704

-512,528,-704

-528,528,-704

-528,528,-720

-528,528,-704

-528,528,-704

-528,528,-704

-528,528,-720

-528,528,-704

-528,528,-720

-528,528,-704

-528,528,-704

-528,528,-704

-528,528,-704

-528,528,-704

-528,528,-704

-528,528,-704

-528,528,-704

-528,528,-704

-528,528,-704

-528,528,-720

-528,528,-704

-528,528,-704

-528,528,-720

-528,528,-720

-528,528,-704

-528,528,-704

-528,528,-720

-528,528,-704

-528,528,-704

-528,528,-704

-528,528,-704

-512,528,-720

-528,528,-704

-528,528,-720

-512,528,-720

-560,560,-672

-544,544,-672

-608,544,-656

-608,368,-736

-528,336,-768

-448,368,-816

-512,320,-848

-496,464,-768

-544,448,-752

-608,384,-752

-576,352,-768

-560,416,-768

-544,400,-768

-544,384,-768

-544,384,-768

-528,400,-768

-544,400,-784

-528,416,-768

-528,416,-784

-576,368,-784

-576,352,-784

-528,400,-768

-528,368,-800

-528,368,-784

-544,368,-784

-544,352,-784

-528,368,-800

-544,352,-784

-544,352,-800

-528,352,-800

-528,352,-800

-528,352,-800

-528,352,-800

-544,352,-800

-528,336,-816

-528,368,-800

-560,352,-800

-528,352,-800

-528,336,-800

-528,352,-800

-528,352,-800

-528,352,-800

-528,352,-800

-528,352,-800

-528,352,-800

-528,336,-800

-528,368,-800

-528,368,-800

-528,368,-784

-528,368,-800

-544,352,-800

-544,352,-800

-528,352,-800

-544,368,-784

-528,368,-784

-528,400,-752

-560,432,-784

-528,480,-752

-512,464,-752

-512,464,-752

-512,464,-768

-512,528,-736

-496,512,-736

-512,480,-736

-512,528,-720

-512,576,-704

-496,528,-720

-496,560,-736

-528,512,-720

-528,496,-736

-528,496,-736

-528,480,-736

-528,480,-736

-512,480,-736

-512,480,-736

-512,480,-736

-528,480,-736

-512,496,-736

-528,480,-736

-528,480,-736

-512,480,-736

-512,480,-736

-528,480,-736

-512,480,-736

-512,464,-752

-528,480,-736

-512,480,-736

-512,480,-752

-512,480,-736

-528,480,-736

-528,480,-736

-528,480,-736

-528,480,-736

-512,480,-736

-512,480,-736

-528,528,-736

-480,496,-704

-496,512,-752

-480,480,-736

-512,496,-720

-560,480,-736

-528,496,-704

-560,464,-720

-528,496,-720

-528,496,-736

-528,496,-736

-528,496,-736

-512,496,-736

-512,496,-736

-512,496,-736

-512,480,-736

-512,496,-752

-512,496,-736

-512,480,-736

-528,480,-752

-512,480,-736

-512,480,-752

-512,464,-752

-512,480,-752

-512,464,-752

-512,464,-752

-512,480,-752

-512,480,-752

-512,480,-752

-512,480,-752

-512,464,-752

-512,464,-752

-512,464,-736

-528,480,-752

-512,464,-752

-512,464,-752

-496,480,-752

-512,480,-752

-512,480,-752

-512,480,-752

-544,464,-752

-496,480,-752

-528,464,-768

-544,448,-752

-528,464,-752

-512,464,-736

-560,464,-736

-512,496,-736

-576,416,-752

-560,336,-784

-560,320,-800

-560,272,-800

-560,272,-800

-576,256,-800

-624,240,-784

-672,192,-784

-656,128,-784

-672,144,-800

-656,192,-784

-608,240,-784

-656,272,-752

-624,320,-736

-640,336,-736

-656,336,-768

-560,304,-816

-368,16,-912

-320,-16,-960

-288,-80,-1008

-288,-32,-976

-368,48,-960

-448,96,-912

-496,352,-864

-496,240,-848

-560,240,-864

-496,384,-800

-480,272,-848

-512,400,-800

-512,528,-624

-528,496,-672

-576,464,-720

-544,528,-752

-496,480,-736

-528,480,-704

-528,464,-688

-608,320,-832

-480,240,-848

-416,448,-848

-480,336,-848

-544,288,-832

-544,288,-832

-512,336,-832

-512,352,-832

-512,336,-832

-528,288,-832

-560,480,-784

-576,576,-704

-512,576,-656

-480,544,-672

-496,512,-736

-448,576,-736

-480,560,-720

-480,560,-720

-480,576,-704

-464,576,-704

-448,592,-704

-448,592,-704

-496,560,-688

-528,576,-672

-496,576,-672

-560,528,-688

-544,528,-688

-560,576,-656

-528,592,-656

-560,544,-656

-576,544,-672

-496,576,-688

-528,512,-704

-512,592,-704

-512,544,-720

-512,560,-720

-512,544,-704

-512,544,-704

-560,432,-784

-496,592,-704

-464,528,-752

-448,496,-752

-448,544,-752

-448,528,-752

-464,528,-736

-464,528,-736

-464,528,-736

-480,512,-736

-480,544,-736

-480,528,-736

-464,528,-736

-496,512,-752

-496,480,-752

-496,512,-752

-448,528,-736

-464,480,-736

-496,528,-752

-480,496,-752

-496,512,-752

-496,496,-752

-496,512,-736

-496,512,-752

-480,512,-736

-480,512,-752

-496,512,-736

-496,512,-736

-512,464,-736

-528,464,-720

-576,480,-768

-544,448,-752

-560,320,-816

-528,400,-816

-544,368,-768

-480,432,-800

-512,400,-800

-496,368,-784

-528,352,-800

-544,368,-784

-528,400,-768

-544,416,-768

-544,432,-768

-528,384,-784

-560,400,-768

-544,352,-784

-576,384,-784

-544,384,-784

-576,384,-784

-560,416,-768

-496,400,-768

144,800,-640

128,832,-624

128,752,-656

48,736,-688

128,736,-672

112,752,-688

96,768,-672

128,768,-672

96,752,-688

80,768,-672

112,768,-672

80,752,-672

96,768,-672

96,752,-688

112,768,-688

112,736,-688

80,752,-704

96,752,-688

128,752,-672

128,752,-688

208,752,-656

-192,624,-768

-256,576,-816

-304,512,-832

-336,496,-848

-320,496,-848

-368,384,-880

-352,416,-880

-352,400,-880

-336,384,-864

-288,416,-880

-320,448,-880

-320,384,-864

-400,304,-912

-400,352,-896

-288,464,-864

-320,368,-880

-304,288,-928

-288,432,-912

-320,256,-928

-272,544,-832

-336,512,-880

-384,352,-896

-368,368,-864

-352,416,-848

-400,336,-912

-496,224,-928

-416,288,-864

-448,352,-912

-384,320,-864

-400,352,-896

-448,336,-864

-432,336,-880

-416,320,-880

-416,368,-864

-416,320,-880

-416,304,-880

-416,352,-880

-416,320,-880

-400,336,-880

-416,320,-880

-416,320,-880

-432,320,-880

-416,320,-880

-416,320,-848

-448,320,-896

-384,288,-864

-400,272,-944

-352,272,-912

-384,304,-912

-384,272,-912

-368,272,-912

-384,256,-928

-336,224,-928

-352,224,-960

-336,208,-944

-320,224,-944

-352,224,-944

-336,240,-944

-336,224,-960

-352,224,-928

-368,208,-912

-384,224,-928

-368,240,-928

-368,240,-928

-384,240,-928

-384,224,-928

-368,240,-928

-384,224,-928

-384,240,-928

-384,224,-928

-368,224,-928

-368,224,-928

-368,224,-928

-368,224,-928

-368,240,-928

-384,224,-928

-368,240,-928

-368,224,-928

-368,240,-928

-368,224,-928

-368,224,-928

-368,224,-928

-368,224,-928

-368,224,-928

-384,224,-928

-368,224,-928

-384,224,-928

-368,224,-928

-384,224,-928

-384,224,-928

-368,224,-928

-384,224,-928

-384,224,-928

-384,224,-928

-368,208,-928

-384,208,-928

-384,224,-928

-368,224,-944

-384,208,-928

-368,224,-928

-368,224,-928

-384,224,-928

-384,224,-928

-368,224,-928

-384,208,-928

-368,208,-928

-384,208,-928

-384,208,-944

-384,208,-928

-384,208,-928

-384,224,-944

-368,208,-928

-368,208,-928

-384,208,-928

-384,208,-928

-384,208,-928

-384,208,-928

-384,208,-928

-368,208,-928

-368,208,-928

-368,208,-928

-368,208,-928

-384,208,-944

-368,208,-928

-384,208,-928

-384,208,-928

-384,208,-928

-384,208,-944

-368,208,-928

-368,208,-928

-384,208,-928

-384,208,-928

-368,208,-928

-384,208,-928

-384,208,-928

-384,208,-928

-384,208,-928

-384,208,-928

-368,208,-928

-368,208,-928

-368,208,-928

-368,208,-928

-384,208,-944

-368,208,-928

-368,208,-928

-384,208,-928

-384,208,-928

-368,208,-944

-368,208,-928

-384,208,-928

-384,208,-928

-384,208,-928

-384,192,-944

-384,192,-928

-384,208,-928

-384,208,-928

-384,208,-928

-384,208,-928

-384,208,-928

-384,208,-928

-384,208,-928

-368,208,-960

-400,192,-912

-400,192,-928

-416,208,-912

-400,208,-928

-400,224,-928

-416,192,-928

-400,208,-928

-400,208,-912

-400,208,-928

-400,208,-928

-400,224,-928

-384,208,-912

-400,256,-912

-400,224,-912

-384,240,-912

-400,240,-912

-400,240,-928

-384,256,-912

-400,224,-928

-368,240,-912

-384,256,-928

-384,240,-912

-384,240,-928

-352,240,-912

-400,256,-912

-384,240,-912

-368,224,-928

-400,240,-928

-384,240,-928

-384,224,-928

-384,224,-928

-384,224,-944

-384,208,-928

-384,208,-928

-384,208,-928

-384,224,-928

-384,208,-928

-384,208,-928

-384,208,-928

-384,208,-928

-384,208,-928

-384,224,-928

-384,208,-928

-384,224,-928

-384,224,-928

-384,224,-928

-384,208,-928

-384,208,-928

-384,224,-928

-384,208,-928

-384,208,-928

-384,208,-928

-384,208,-928

-384,208,-928

-384,208,-928

-384,208,-928

-384,208,-928

-384,208,-928

-384,208,-928

-384,208,-928

-384,208,-928

-384,208,-928

-384,208,-928

-384,208,-928

-384,208,-928

-384,208,-928

-384,208,-928

-384,208,-928

-384,208,-944

-384,208,-928

-384,208,-928

-384,208,-928

-384,208,-928

-384,208,-928

-384,192,-928

-384,208,-928

-336,176,-928

-416,240,-912

-432,240,-912

-416,240,-912

-400,224,-912

-432,240,-912

-400,256,-912

-416,224,-912

-432,192,-944

-336,256,-912

-304,272,-912

-336,272,-928

-384,240,-928

-400,288,-896

-432,240,-896

-416,288,-880

-416,352,-864

-416,304,-880

-448,256,-896

-480,208,-912

-432,208,-896

-432,240,-912

-432,240,-912

-432,256,-896

-432,240,-896

-432,224,-896

