368,592,-736

320,672,-720

352,688,-704

416,640,-672

416,656,-704

416,624,-688

416,592,-720

400,624,-704

368,640,-704

416,608,-720

400,608,-704

416,608,-720

384,608,-720

400,544,-752

368,608,-720

400,624,-720

400,624,-720

416,592,-720

384,624,-720

400,608,-736

368,608,-720

400,592,-720

384,608,-720

400,608,-720

400,608,-704

384,624,-720

400,592,-720

384,608,-720

400,592,-720

400,624,-720

400,592,-720

400,624,-720

384,592,-720

400,592,-720

400,592,-720

400,608,-720

400,592,-720

400,608,-720

384,608,-720

400,592,-736

384,592,-736

400,592,-720

400,592,-736

400,592,-720

400,608,-736

400,592,-720

400,592,-720

400,592,-736

400,592,-736

384,608,-720

400,576,-720

400,576,-736

384,624,-720

368,576,-752

336,608,-736

368,608,-736

368,592,-752

368,592,-736

336,608,-736

416,592,-752

368,592,-736

416,560,-752

384,576,-752

416,560,-752

416,560,-752

400,576,-752

384,608,-720

384,592,-720

384,608,-736

384,624,-736

384,608,-720

384,592,-720

400,592,-736

400,592,-736

384,608,-720

400,592,-736

400,592,-736

400,592,-736

384,592,-736

384,592,-752

400,592,-736

400,576,-736

400,592,-736

400,592,-736

400,576,-736

400,576,-736

384,576,-736

384,592,-736

400,576,-720

400,592,-736

400,576,-736

416,576,-736

400,576,-736

416,576,-736

416,560,-736

416,560,-752

432,544,-752

400,592,-736

368,624,-720

400,592,-736

400,592,-736

384,592,-736

384,592,-720

384,592,-736

400,592,-720

400,608,-720

400,608,-720

400,592,-736

400,592,-736

384,592,-736

400,592,-736

384,592,-736

400,592,-720

400,592,-736

400,608,-736

384,592,-736

416,592,-736

400,576,-736

416,592,-736

400,592,-720

400,592,-736

400,576,-752

400,544,-752

400,592,-752

400,576,-752

384,608,-736

384,592,-720

400,592,-720

400,608,-720

368,624,-704

384,608,-720

384,608,-720

384,608,-720

368,624,-720

384,608,-720

400,608,-720

384,624,-704

400,608,-720

368,608,-704

384,624,-720

384,624,-704

384,624,-720

384,624,-720

368,624,-720

384,624,-720

384,624,-720

384,624,-720

384,608,-720

384,624,-720

384,624,-720

384,608,-720

368,608,-720

368,624,-720

368,624,-720

368,624,-720

368,624,-720

368,624,-720

368,608,-720

368,624,-720

368,624,-720

384,640,-720

384,608,-720

336,624,-736

368,608,-736

368,608,-720

368,624,-720

368,624,-720

368,624,-720

368,624,-720

368,624,-720

368,608,-736

368,608,-720

368,624,-720

368,608,-720

368,624,-720

368,640,-720

352,608,-720

352,624,-720

368,624,-736

352,640,-720

352,624,-736

352,608,-720

352,624,-736

352,624,-720

352,624,-720

352,624,-720

352,624,-720

352,624,-720

352,640,-720

336,640,-704

336,640,-720

352,608,-736

368,608,-752

368,592,-752

400,560,-768

384,576,-736

416,544,-752

432,528,-768

416,512,-752

416,544,-768

416,544,-752

416,512,-768

416,544,-752

416,544,-752

416,544,-752

416,528,-752

416,528,-768

384,528,-752

416,544,-752

416,544,-752

400,528,-752

416,528,-768

416,528,-752

416,544,-768

416,544,-752

416,528,-752

416,528,-768

416,528,-768

416,544,-768

416,544,-752

416,544,-752

416,528,-768

416,528,-752

416,544,-752

416,544,-768

416,528,-752

416,528,-768

416,544,-768

416,528,-768

416,528,-768

416,544,-752

416,528,-768

416,528,-768

416,528,-752

416,528,-768

416,528,-768

416,544,-768

416,528,-752

416,544,-752

416,528,-752

416,544,-768

416,528,-752

416,528,-768

416,544,-768

416,544,-768

416,528,-768

416,528,-768

416,528,-768

416,528,-768

416,528,-768

416,528,-768

416,528,-768

416,528,-752

416,528,-768

416,528,-768

416,528,-768

416,528,-768

416,528,-768

416,528,-752

416,528,-768

416,528,-752

416,528,-768

416,528,-752

416,528,-768

416,528,-768

416,528,-768

416,528,-768

416,528,-752

416,544,-768

416,528,-752

416,528,-768

416,528,-768

416,528,-768

416,528,-768

416,528,-768

416,528,-768

416,528,-768

416,528,-768

416,528,-768

416,528,-752

416,528,-752

416,528,-768

416,528,-768

416,528,-768

416,528,-768

416,528,-768

416,528,-768

432,512,-768

448,480,-768

432,528,-768

432,496,-768

432,528,-752

416,528,-752

432,528,-752

432,512,-768

432,512,-768

432,480,-768

432,496,-816

416,512,-768

432,416,-784

416,512,-816

416,512,-784

432,480,-800

416,512,-784

432,480,-784

432,480,-784

432,480,-800

416,480,-784

432,496,-784

416,496,-784

416,512,-800

416,496,-784

416,512,-784

416,512,-784

416,496,-768

432,512,-784

432,496,-768

416,512,-784

416,512,-768

416,512,-784

432,496,-768

432,512,-784

416,544,-800

416,496,-768

432,512,-784

416,512,-768

416,512,-784

416,512,-784

432,496,-784

416,496,-784

416,496,-784

416,496,-784

416,496,-784

416,496,-784

416,480,-784

416,496,-784

416,496,-784

416,496,-784

416,496,-784

432,496,-784

416,496,-784

416,496,-784

416,480,-784

416,528,-768

416,512,-784

432,496,-784

416,512,-784

416,512,-784

416,496,-784

432,496,-784

416,496,-784

400,496,-784

432,496,-784

416,496,-784

400,496,-784

432,528,-784

432,512,-768

432,480,-784

432,512,-784

416,512,-784

432,496,-784

416,496,-800

416,496,-784

416,496,-784

432,496,-800

416,496,-784

416,496,-768

432,496,-784

432,496,-784

416,496,-784

432,496,-784

432,496,-784

432,496,-768

416,496,-784

416,496,-784

432,496,-784

416,496,-784

416,496,-784

432,496,-784

432,496,-784

432,496,-784

416,496,-784

432,496,-784

432,496,-784

416,496,-784

432,496,-784

416,496,-784

432,496,-784

416,496,-784

432,496,-784

432,496,-784

432,496,-784

432,496,-784

432,496,-784

432,496,-784

432,496,-784

448,496,-784

368,496,-768

464,480,-784

432,512,-768

416,480,-784

432,496,-784

448,512,-768

400,496,-768

464,496,-784

416,496,-784

432,512,-784

432,496,-784

432,496,-768

432,496,-768

432,496,-784

432,512,-784

448,496,-768

416,496,-768

448,496,-784

432,496,-784

432,496,-784

416,496,-784

416,496,-784

416,496,-768

416,496,-784

416,512,-768

432,496,-784

432,496,-784

416,496,-784

416,512,-784

432,496,-784

432,496,-784

432,496,-784

432,496,-784

432,496,-784

432,496,-784

432,512,-784

432,496,-784

432,496,-784

432,512,-784

432,496,-768

432,496,-768

432,496,-768

432,496,-784

432,496,-784

432,496,-768

432,496,-784

432,496,-768

432,496,-768

432,496,-768

432,496,-768

432,496,-784

432,512,-768

432,496,-784

432,496,-784

432,496,-784

432,496,-784

432,496,-784

432,480,-784

432,480,-784

448,480,-784

432,480,-784

464,432,-784

464,400,-800

464,432,-800

496,416,-832

512,320,-832

496,320,-832

496,320,-832

496,320,-848

496,336,-832

496,336,-832

496,368,-816

496,384,-816

496,368,-816

496,352,-832

496,368,-816

512,352,-816

496,352,-816

496,352,-832

496,352,-832

496,352,-816

496,368,-816

496,352,-816

496,368,-832

496,352,-816

496,352,-816

496,368,-816

496,368,-832

496,352,-816

496,368,-816

496,368,-816

496,352,-832

496,368,-816

496,368,-832

496,352,-816

496,368,-816

496,368,-832

496,368,-816

496,368,-816

496,352,-816

496,352,-816

496,368,-816

496,352,-816

496,368,-832

496,368,-816

496,368,-832

496,368,-832

496,352,-816

496,352,-816

496,352,-832

496,368,-816

496,368,-816

496,368,-816

496,368,-832

496,368,-832

496,368,-832

496,352,-832

496,368,-832

496,368,-832

496,352,-832

496,368,-832

496,352,-832

496,368,-832

496,352,-816

496,368,-816

496,352,-832

496,352,-816

496,368,-832

496,368,-816

496,352,-832

496,352,-816

496,368,-832

496,368,-832

480,352,-816

496,368,-832

496,368,-832

496,368,-832

496,352,-832

480,352,-832

480,368,-832

480,368,-816

496,368,-816

496,368,-816

496,368,-816

496,368,-832

480,368,-832

480,368,-832

480,368,-832

480,368,-816

480,368,-832

480,368,-816

496,368,-832

480,368,-816

496,368,-832

480,368,-832

480,368,-832

480,368,-832

480,368,-832

480,368,-832

480,368,-816

480,368,-832

480,368,-832

480,368,-832

496,368,-832

480,368,-832

480,368,-832

480,368,-832

496,368,-832

480,368,-832

480,368,-832

496,368,-816

496,368,-832

496,368,-816

480,368,-832

496,368,-832

480,368,-816

496,368,-816

480,368,-832

480,368,-832

496,368,-816

480,368,-832

496,368,-832

480,368,-832

480,368,-832

480,320,-864

416,352,-864

352,208,-912

416,128,-960

400,128,-912

416,80,-960

400,144,-928

400,176,-928

400,128,-928

400,160,-944

400,144,-928

384,160,-928

384,144,-944

384,144,-944

384,144,-944

384,144,-928

384,144,-928

400,144,-944

384,144,-944

384,144,-944

384,144,-944

384,144,-944

384,144,-944

384,144,-944

384,144,-944

384,144,-944

384,144,-944

384,144,-944

384,144,-944

384,144,-944

384,144,-944

384,144,-944

384,144,-944

384,144,-944

384,144,-944

384,144,-944

384,144,-944

384,144,-944

384,144,-944

384,144,-944

384,144,-944

384,144,-944

384,144,-944

384,128,-944

384,144,-944

384,128,-944

384,128,-944

384,128,-944

400,128,-944

384,128,-944

400,128,-944

384,128,-944

400,128,-944

384,128,-944

384,128,-944

384,128,-944

384,144,-944

384,128,-944

400,144,-944

384,128,-944

384,128,-944

384,128,-944

384,128,-944

384,128,-944

384,128,-928

416,128,-960

384,160,-944

384,192,-928

400,224,-928

432,208,-928

400,176,-928

352,144,-912

432,208,-960

416,192,-928

416,160,-928

320,144,-912

464,240,-944

368,144,-912

448,192,-944

368,144,-912

432,176,-960

400,144,-896

400,160,-928

416,144,-928

400,144,-928

384,144,-944

400,144,-944

368,112,-928

400,144,-960

400,144,-944

400,128,-944

384,144,-944

384,144,-944

384,144,-944

384,128,-944

384,128,-928

384,144,-944

384,128,-944

384,144,-944

384,144,-944

384,128,-944

400,144,-928

384,144,-944

384,176,-928

416,176,-944

400,144,-928

400,160,-928

400,160,-944

400,160,-928

384,160,-928

400,176,-928

384,160,-928

400,160,-944

400,176,-928

400,160,-928

400,176,-928

400,160,-928

400,160,-944

400,160,-928

400,160,-928

400,160,-928

400,160,-928

400,160,-928

400,160,-928

400,160,-944

400,176,-928

400,160,-928

400,160,-928

400,160,-928

400,160,-928

400,160,-944

384,160,-912

400,160,-928

400,160,-928

400,160,-944

400,192,-912

368,192,-880

400,208,-944

384,192,-912

400,208,-928

384,192,-928

416,192,-944

368,192,-928

416,192,-928

400,160,-912

400,176,-912

416,208,-912

400,176,-928

416,176,-912

400,176,-928

400,192,-928

400,176,-928

400,176,-912

416,192,-928

416,192,-928

416,176,-928

416,176,-912

416,160,-928

416,176,-912

416,144,-928

432,176,-912

432,224,-928

432,224,-912

464,224,-896

448,256,-896

448,304,-864

416,416,-832

432,480,-800

400,512,-768

416,560,-752

400,592,-704

416,624,-688

352,688,-624

432,688,-640

368,752,-592

416,704,-656

416,656,-608

384,720,-624

384,688,-608

368,704,-624

368,672,-640

448,688,-720

352,656,-688

368,656,-688

384,624,-688

368,640,-688

352,656,-688

368,656,-704

400,656,-704

384,608,-720

352,672,-688

352,624,-688

368,640,-672

384,624,-688

416,624,-704

368,624,-704

384,640,-720

432,608,-720

384,640,-704

400,544,-672

480,496,-816

448,560,-736

416,592,-688

448,592,-720

384,656,-688

400,640,-672

384,672,-688

384,640,-688

416,608,-704

400,608,-688

416,624,-704

416,592,-704

416,608,-704

416,608,-704

432,624,-704

432,592,-704

416,592,-704

432,608,-720

432,592,-704

432,576,-704

432,592,-720

432,592,-720

432,592,-720

432,576,-704

432,608,-720

464,560,-752

448,416,-704

464,496,-720

448,640,-752

480,544,-752

448,560,-768

352,656,-720

320,752,-768

176,720,-624

256,560,-704

288,624,-752

272,688,-752

304,688,-768

256,656,-688

272,672,-704

320,704,-688

304,672,-704

384,624,-704

368,656,-752

304,640,-784

192,608,-752

192,528,-784

208,624,-848

224,544,-832

240,592,-832

256,560,-816

176,576,-784

176,576,-784

288,736,-736

352,688,-800

512,112,-768

400,608,-752

512,432,-912

352,592,-832

240,784,-736

272,592,-720

96,512,-592

224,656,-800

208,784,-848

240,704,-832

144,192,-736

144,688,-816

240,576,-768

272,688,-832

240,592,-768

256,608,-768

256,544,-768

304,608,-816

272,592,-816

272,576,-800

320,560,-800

496,400,-816

496,448,-832

384,448,-848

304,432,-784

416,448,-912

432,528,-768

432,528,-736

464,496,-784

432,512,-784

416,496,-784

384,544,-768

368,464,-800

352,608,-800

336,624,-784

272,624,-800

224,512,-832

176,464,-832

208,464,-880

208,480,-880

208,464,-864

224,512,-832

304,576,-784

384,560,-784

496,464,-800

560,272,-736

544,480,-768

464,528,-720

448,560,-816

384,464,-768

448,496,-768

512,480,-832

464,464,-736

496,480,-752

496,448,-784

480,432,-752

496,432,-800

512,512,-784

416,528,-752

416,544,-768

432,464,-768

432,496,-752

464,480,-800

544,448,-848

464,464,-752

480,496,-784

480,432,-784

512,368,-752

448,528,-736

672,736,-1024

400,160,-704

432,528,-752

352,288,-704

496,608,-880

400,448,-768

448,176,-736

352,448,-832

416,672,-768

560,1024,-1104

352,272,-720

400,368,-880

448,336,-608

416,528,-688

544,608,-656

384,496,-704

560,432,-736

480,544,-784

384,592,-704

464,496,-736

432,464,-768

384,592,-736

416,608,-736

432,544,-736

448,544,-720

512,608,-768

416,704,-752

320,592,-720

256,592,-784

240,576,-784

224,624,-800

224,624,-768

128,624,-816

128,608,-816

96,576,-832

96,576,-832

48,560,-816

48,576,-816

64,592,-832

80,576,-816

128,576,-816

192,592,-832

224,608,-832

256,592,-832

272,576,-816

208,576,-784

176,512,-864

192,432,-880

208,352,-896

256,400,-960

256,368,-912

352,336,-848

464,384,-832

400,528,-720

208,944,-608

320,736,-528

336,832,-544

304,784,-544

272,816,-512

256,944,-496

304,704,-656

272,848,-576

288,800,-528

304,752,-592

320,752,-608

352,752,-608

368,736,-608

320,736,-592

336,704,-640

368,688,-608

384,704,-672

368,672,-656

304,688,-688

288,672,-704

288,672,-704

240,720,-704

304,688,-704

256,752,-656

416,560,-624

288,800,-720

272,736,-656

256,688,-720

224,736,-768

192,576,-736

240,576,-800

240,672,-832

320,560,-784

192,656,-800

176,784,-784

320,624,-848

304,432,-800

384,288,-944

384,256,-912

256,368,-736

304,400,-832

432,352,-864

464,352,-848

448,592,-864

368,656,-640

400,720,-656

352,688,-656

368,672,-672

384,688,-656

352,720,-656

352,720,-640

352,704,-640

352,688,-656

336,768,-656

368,672,-672

384,656,-672

368,624,-672

384,656,-704

384,688,-688

352,688,-672

352,688,-672

352,672,-672

352,688,-672

352,688,-672

368,688,-656

336,720,-656

320,704,-656

320,688,-656

352,704,-672

320,688,-656

320,672,-672

352,672,-656

352,720,-656

368,672,-672

352,672,-672

368,672,-672

352,656,-672

368,688,-688

368,656,-672

368,672,-672

368,672,-672

368,672,-672

368,672,-688

352,672,-672

368,656,-672

368,672,-672

352,672,-672

352,672,-672

352,672,-672

368,672,-672

368,656,-688

352,672,-672

352,672,-672

368,656,-672

368,672,-688

352,672,-672

352,688,-688

368,656,-672

336,672,-688

352,688,-656

368,656,-688

352,672,-688

352,672,-672

368,656,-688

336,688,-688

352,672,-672

368,656,-688

368,656,-688

352,672,-672

352,688,-672

320,672,-672

352,656,-704

320,688,-672

368,656,-672

352,640,-688

352,672,-672

352,672,-688

288,720,-656

416,624,-704

304,704,-656

336,672,-688

384,656,-672

320,704,-672

368,656,-672

352,688,-672

368,672,-704

352,656,-688

336,704,-656

368,640,-688

368,672,-688

368,704,-672

384,656,-672

320,704,-672

368,672,-672

320,688,-688

336,704,-672

304,656,-672

320,688,-656

368,656,-672

368,656,-688

336,688,-656

384,640,-688

336,704,-656

352,656,-672

336,704,-672

368,656,-672

336,656,-672

352,656,-672

352,688,-688

352,672,-672

352,672,-672

368,656,-688

352,672,-672

368,672,-672

368,736,-672

400,736,-640

448,832,-736

496,304,-816

496,272,-864

528,176,-832

416,336,-912

320,464,-880

640,272,-672

768,272,-832

720,320,-768

816,80,-704

832,112,-752

704,256,-656

656,512,-640

608,544,-592

576,576,-624

640,448,-720

512,528,-736

400,544,-720

480,512,-768

464,528,-736

512,432,-816

432,464,-720

400,560,-752

384,688,-704

400,672,-736

368,560,-688

400,624,-768

352,640,-720

320,608,-736

432,512,-800

384,544,-768

384,560,-784

368,560,-768

384,544,-768

384,528,-784

368,576,-784

384,544,-784

384,544,-784

384,544,-768

384,544,-768

384,528,-768

400,560,-784

384,528,-768

384,544,-768

384,544,-768

416,512,-784

416,528,-768

416,512,-784

416,512,-784

480,400,-832

432,512,-800

432,512,-768

416,496,-752

416,592,-704

464,512,-752

464,528,-736

448,528,-752

432,560,-736

400,576,-752

368,624,-736

432,576,-736

400,544,-736

432,544,-752

448,544,-752

432,560,-752

448,560,-736

448,560,-736

480,544,-736

448,496,-752

432,512,-752

464,560,-752

496,512,-752

480,480,-752

464,480,-768

448,512,-768

432,496,-768

464,480,-768

464,480,-768

464,480,-768

480,480,-768

464,480,-768

464,480,-768

464,480,-768

464,480,-768

464,480,-768

464,480,-768

480,480,-768

448,480,-752

448,496,-768

480,496,-768

480,480,-768

480,480,-768

464,480,-768

480,480,-768

464,480,-768

480,480,-768

464,480,-768

464,496,-768

464,496,-752

464,480,-768

464,496,-768

464,480,-752

480,480,-768

464,496,-752

464,528,-736

448,544,-720

448,576,-736

432,576,-704

432,560,-720

432,576,-720

432,560,-720

432,592,-704

432,608,-704

432,608,-704

432,608,-720

416,592,-704

432,592,-720

432,592,-720

432,592,-720

432,576,-720

432,592,-720

432,592,-704

432,592,-704

432,576,-720

432,592,-720

432,592,-720

432,576,-720

432,576,-720

432,592,-720

432,560,-704

432,592,-736

432,576,-720

432,576,-704

432,592,-720

432,560,-720

432,576,-720

432,576,-736

432,576,-720

432,576,-736

432,576,-736

432,560,-720

432,576,-720

416,576,-720

416,576,-720

416,576,-736

416,560,-720

432,576,-720

416,592,-736

432,560,-720

432,560,-720

432,560,-720

448,592,-720

432,608,-704

432,576,-704

448,592,-720

448,576,-704

448,576,-720

448,576,-720

448,560,-720

448,576,-720

448,576,-720

448,576,-720

448,576,-720

448,560,-720

448,576,-720

448,576,-720

448,576,-704

448,560,-720

448,560,-720

448,560,-720

448,576,-720

448,560,-720

448,576,-720

448,576,-720

448,576,-704

448,576,-720

448,560,-720

448,576,-720

448,576,-704

448,576,-720

448,592,-704

448,576,-704

464,576,-720

464,576,-720

464,576,-720

464,576,-704

448,592,-704

448,640,-672

448,624,-672

448,624,-672

448,640,-656

448,624,-640

432,672,-624

432,688,-624

416,704,-624

416,688,-624

432,672,-640

400,656,-624

432,656,-640

464,672,-656

400,640,-640

416,624,-656

432,624,-672

432,624,-656

432,624,-672

432,624,-688

448,608,-672

432,624,-688

448,624,-688

432,624,-672

448,624,-672

448,624,-672

448,624,-672

432,624,-672

448,624,-672

448,624,-672

448,624,-672

432,624,-672

432,624,-688

432,624,-672

448,624,-688

448,624,-672

448,624,-672

448,624,-672

432,624,-672

448,624,-672

448,624,-688

432,624,-672

448,624,-688

432,624,-672

448,624,-688

432,656,-672

432,592,-688

368,624,-656

384,704,-688

400,544,-640

480,608,-656

416,784,-704

432,608,-656

448,624,-688

432,624,-672

416,592,-656

432,656,-672

448,624,-672

432,624,-672

432,624,-672

448,624,-672

432,624,-672

464,624,-672

448,624,-672

448,624,-672

448,608,-672

448,608,-688

464,608,-688

448,624,-672

464,624,-688

448,608,-672

464,608,-688

464,592,-688

464,608,-688

448,608,-672

464,608,-688

464,608,-688

448,608,-688

464,608,-688

464,608,-672

464,608,-672

464,592,-688

464,608,-688

448,608,-688

464,592,-688

448,608,-688

448,608,-688

464,592,-688

464,608,-688

464,608,-688

480,608,-688

464,608,-688

464,608,-672

464,608,-688

464,592,-688

448,592,-688

480,608,-704

464,560,-688

432,608,-688

432,624,-688

448,624,-688

432,624,-656

464,576,-672

464,608,-752

400,560,-720

368,624,-720

384,592,-752

352,592,-768

320,496,-784

304,480,-880

256,416,-880

224,352,-912

224,352,-960

208,240,-976

160,224,-1008

144,192,-960

160,192,-976

224,176,-1008

192,208,-1008

160,192,-992

160,240,-960

160,224,-944

128,304,-928

176,400,-960

160,384,-928

192,496,-880

256,448,-832

368,352,-864

432,272,-880

464,272,-864

528,176,-880

592,160,-912

560,96,-848

560,144,-880

560,144,-832

576,208,-864

432,240,-864

576,336,-960

512,400,-816

544,368,-688

656,480,-752

528,464,-832

368,464,-800

400,496,-768

368,544,-800

384,544,-784

352,432,-816

352,496,-816

256,528,-816

320,496,-832

208,512,-816

304,496,-800

400,496,-816

400,496,-816

448,448,-800

416,432,-816

400,464,-784

416,544,-800

336,624,-800

304,528,-800

352,480,-800

336,528,-800

320,544,-816

304,512,-800

304,528,-816

336,528,-816

384,496,-816

336,528,-768

448,496,-816

496,416,-800

480,416,-800

448,416,-800

432,480,-768

448,496,-784

464,464,-816

480,464,-784

432,496,-768

400,544,-800

432,560,-816

368,560,-768

384,464,-832

400,512,-864

320,528,-800

336,496,-800

320,512,-800

352,512,-816

336,528,-832

336,528,-816

336,496,-832

336,592,-832

320,560,-816

304,528,-800

320,544,-816

320,544,-816

304,544,-800

320,544,-816

320,528,-800

320,528,-800

320,528,-816

336,528,-816

320,496,-816

352,544,-816

336,528,-800

336,512,-800

352,528,-816

336,544,-816

336,528,-800

352,528,-816

352,512,-800

352,528,-816

352,528,-800

336,512,-800

336,512,-816

368,512,-816

352,496,-816

336,528,-816

352,496,-816

352,512,-816

336,512,-816

352,512,-816

352,512,-816

336,512,-816

336,512,-800

352,528,-832

352,480,-816

336,512,-816

352,496,-816

352,512,-816

352,496,-816

352,496,-816

352,512,-816

352,512,-816

352,496,-816

352,496,-816

352,512,-816

352,512,-816

352,512,-816

352,496,-816

352,496,-816

352,496,-816

352,512,-816

352,496,-816

352,496,-816

352,496,-816

368,496,-816

400,464,-864

368,448,-832

336,480,-816

352,512,-816

384,464,-800

448,480,-768

464,480,-816

512,416,-848

480,464,-800

416,560,-720

448,624,-720

368,656,-704

400,656,-688

336,672,-688

384,624,-672

400,656,-704

400,624,-704

400,608,-704

400,592,-720

416,592,-736

400,576,-720

400,608,-720

400,592,-720

400,576,-720

400,576,-736

384,608,-672

432,544,-720

416,560,-736

432,576,-736

416,560,-736

432,560,-736

432,560,-736

416,560,-736

432,560,-736

432,560,-736

448,560,-736

432,560,-736

400,576,-720

400,576,-720

432,560,-736

432,560,-720

432,576,-720

448,576,-720

432,560,-720

448,560,-736

432,560,-720

432,560,-736

432,560,-736

432,560,-736

432,592,-720

432,576,-720

448,576,-736

448,560,-720

432,560,-736

432,560,-736

432,560,-720

432,576,-736

432,560,-736

448,560,-736

432,576,-736

432,560,-736

416,560,-720

448,576,-736

448,544,-704

464,560,-736

432,576,-720

448,560,-736

432,560,-720

448,560,-736

432,560,-736

432,560,-720

432,576,-736

400,544,-736

432,576,-736

448,576,-720

448,560,-720

464,560,-720

464,576,-736

464,544,-720

496,560,-736

384,624,-672

432,624,-720

368,624,-720

352,624,-720

336,640,-736

320,624,-720

352,640,-720

352,608,-720

336,640,-720

352,608,-704

400,560,-720

448,608,-752

448,576,-736

496,512,-736

464,544,-736

464,544,-736

448,528,-736

464,528,-752

464,528,-736

464,544,-736

464,544,-720

464,560,-720

464,544,-720

496,512,-752

448,512,-736

464,528,-752

464,528,-752

464,528,-736

448,528,-736

480,576,-768

512,448,-768

496,448,-736

464,480,-768

464,480,-768

464,480,-752

448,496,-768

448,512,-752

464,496,-768

480,496,-768

480,512,-752

480,512,-752

480,512,-736

480,512,-752

448,496,-752

480,528,-768

496,496,-752

496,496,-752

464,496,-736

464,512,-736

480,528,-752

480,512,-752

464,496,-752

480,512,-752

464,512,-752

464,560,-768

448,512,-736

496,480,-736

480,432,-752

480,448,-768

528,432,-768

512,480,-768

480,432,-752

464,512,-768

512,560,-736

464,480,-736

480,480,-752

480,512,-752

464,496,-768

416,496,-768

448,528,-768

448,512,-752

464,496,-752

464,496,-752

480,528,-752

464,496,-736

464,512,-752

480,512,-752

448,512,-752

480,496,-768

496,496,-752

480,496,-752

480,496,-768

480,496,-752

496,496,-768

480,496,-736

480,496,-752

480,496,-752

480,496,-752

496,512,-736

432,592,-704

432,608,-688

432,640,-656

400,672,-624

400,720,-592

416,736,-592

448,688,-608

432,672,-624

400,720,-624

384,736,-608

336,768,-592

336,768,-576

368,752,-576

368,784,-576

352,800,-560

352,752,-560

368,768,-560

368,752,-560

352,784,-560

352,768,-560

336,784,-576

384,784,-528

432,752,-528

320,784,-576

320,768,-576

384,768,-544

384,800,-496

352,816,-528

384,800,-560

352,800,-512

384,784,-544

352,784,-512

384,816,-528

368,768,-544

352,784,-528

352,800,-528

384,752,-528

352,784,-544

368,768,-544

368,784,-544

368,784,-528

384,768,-544

368,784,-528

384,768,-560

368,768,-544

352,784,-544

384,784,-544

368,784,-544

352,768,-544

400,784,-528

416,800,-496

384,832,-544

352,752,-576

368,688,-608

400,688,-624

400,640,-672

448,608,-656

432,560,-720

400,592,-768

384,560,-736

368,560,-784

368,496,-768

400,496,-800

432,512,-800

368,496,-800

368,512,-832

352,496,-816

320,480,-832

304,496,-832

304,496,-832

304,496,-848

288,512,-848

288,512,-832

256,528,-832

240,528,-832

256,544,-832

256,560,-832

240,576,-816

208,560,-832

208,576,-832

208,560,-800

192,544,-784

192,560,-800

208,592,-832

224,560,-832

192,576,-832

240,608,-816

224,560,-816

160,576,-800

160,656,-768

224,480,-848

192,528,-800

224,576,-848

192,608,-816

208,672,-832

192,544,-784

176,608,-832

160,560,-816

144,576,-800

144,608,-832

160,544,-784

128,640,-800

112,656,-784

272,560,-736

384,576,-736

368,592,-736

400,448,-784

336,528,-832

320,464,-816

336,480,-832

336,480,-832

368,464,-832

368,480,-848

352,464,-832

352,464,-848

352,448,-848

352,480,-864

336,448,-832

352,416,-848

336,400,-832

320,416,-832

400,464,-928

336,416,-832

352,448,-880

368,400,-848

368,416,-864

368,416,-848

368,416,-832

432,400,-848

432,384,-848

448,368,-848

464,352,-864

464,336,-848

448,352,-848

432,384,-848

432,368,-848

448,352,-880

432,368,-864

432,336,-848

448,352,-848

448,336,-848

432,352,-848

448,352,-848

432,384,-848

448,352,-848

432,368,-848

448,352,-864

432,368,-848

448,368,-864

432,368,-848

432,368,-848

464,352,-864

448,352,-848

448,368,-848

448,352,-848

448,368,-864

448,352,-848

448,368,-848

432,368,-848

432,368,-848

448,368,-848

432,352,-848

432,368,-848

432,368,-848

432,368,-848

448,352,-848

448,368,-848

448,352,-848

448,368,-848

448,352,-848

448,352,-848

448,352,-848

448,352,-848

448,352,-848

448,352,-848

448,352,-848

448,368,-848

448,352,-848

448,352,-848

448,352,-848

464,352,-848

448,352,-848

448,352,-848

448,352,-848

448,352,-848

448,352,-848

464,352,-848

448,352,-848

448,352,-848

448,352,-848

464,368,-848

464,352,-848

464,352,-848

464,352,-848

464,352,-848

464,352,-848

464,352,-848

448,336,-848

464,352,-848

464,336,-848

464,368,-864

464,336,-848

464,352,-848

448,336,-848

448,352,-848

448,352,-848

448,336,-848

464,352,-848

464,336,-848

464,352,-848

464,352,-848

464,336,-848

464,352,-848

464,352,-848

464,352,-848

464,336,-848

464,336,-848

448,352,-848

464,336,-848

464,352,-848

448,352,-848

464,336,-848

464,352,-848

464,336,-848

464,352,-848

464,352,-848

448,352,-848

464,336,-848

464,352,-848

448,352,-848

448,336,-848

464,336,-848

464,352,-864

448,352,-864

448,336,-848

464,336,-864

448,368,-848

448,336,-848

448,352,-832

448,352,-864

464,336,-848

448,352,-848

464,336,-848

448,368,-848

464,352,-864

448,352,-848

464,336,-848

464,336,-848

464,352,-848

448,336,-848

448,352,-848

448,352,-848

448,336,-848

448,352,-848

448,352,-848

448,336,-848

448,352,-848

448,352,-848

416,368,-864

432,320,-880

400,320,-880

384,320,-864

416,320,-864

416,336,-880

416,320,-864

432,336,-880

432,336,-864

416,336,-864

432,336,-864

416,336,-880

432,352,-880

416,352,-880

400,384,-880

384,336,-880

384,304,-880

384,368,-912

352,352,-880

352,352,-880

368,352,-880

384,352,-880

368,368,-896

368,336,-896

384,320,-880

400,336,-864

352,336,-864

384,336,-880

416,400,-864

496,368,-880

416,352,-864

416,352,-864

416,352,-864

432,368,-864

432,336,-864

400,352,-864

432,352,-864

448,352,-848

448,368,-848

448,352,-848

448,336,-848

448,352,-848

448,352,-848

448,352,-848

448,352,-848

448,352,-848

448,352,-864

448,352,-848

448,352,-864

448,352,-864

432,352,-864

432,336,-864

448,352,-864

448,352,-848

448,352,-864

448,352,-864

448,352,-864

448,336,-864

448,352,-864

448,352,-864

448,352,-864

448,336,-848

448,352,-864

448,352,-864

448,336,-864

448,352,-848

448,336,-864

448,352,-848

448,352,-848

448,336,-848

448,336,-848

448,336,-864

448,352,-864

448,352,-848

448,336,-848

448,336,-848

464,336,-848

448,352,-848

448,336,-848

464,352,-848

448,352,-848

448,336,-848

448,336,-848

448,336,-848

464,336,-848

464,352,-848

480,352,-848

416,304,-848

416,400,-864

432,352,-848

448,368,-848

416,336,-880

304,464,-816

384,384,-848

416,448,-832

416,432,-848

400,528,-736

384,400,-848

368,496,-816

352,480,-832

384,480,-816

384,480,-832

400,448,-832

384,480,-832

384,480,-832

