-32,-32,-1024

-48,-32,-1040

-32,-32,-1024

-32,-32,-1040

-48,-48,-1008

-48,-32,-1024

-32,-32,-1024

-32,-32,-1024

16,-32,-1072

48,-64,-992

112,-80,-992

208,-64,-1040

208,-64,-960

256,-64,-944

352,-16,-992

432,-32,-848

512,-16,-896

576,-32,-848

576,-48,-816

704,-32,-768

752,-32,-608

832,-32,-624

912,-48,-544

1008,-32,-384

1104,-48,-272

1072,-32,-160

1056,-16,-48

1008,32,112

992,32,304

1008,16,336

976,128,640

848,16,976

912,16,560

816,16,608

704,32,688

544,-240,480

640,48,1312

688,144,1184

128,80,864

288,-80,960

224,48,1104

272,0,1024

-64,80,1088

0,32,1072

-32,0,944

-16,16,1008

16,16,992

192,32,1104

192,-16,944

464,-32,896

400,64,1056

848,32,944

784,0,720

880,-16,512

928,-16,464

1072,-32,272

1008,-32,224

1008,-48,112

1040,-48,-64

1040,-64,-304

1008,-48,-160

928,-64,-416

800,-80,-528

592,-96,-624

544,-112,-880

368,-112,-928

192,-64,-992

112,-96,-992

-96,-64,-688

-192,-160,-960

-560,-96,-1360

96,-320,-480

-1040,144,-1200

-752,-80,-656

-720,-64,-672

-624,-48,-592

-1344,240,-576

-784,-16,-112

-944,-32,-592

-1008,-16,-80

-1392,128,-544

-992,-16,-304

-928,-32,-176

-976,-16,-288

-1088,0,-48

-928,-48,-464

-896,-32,-400

-800,-32,-512

-832,16,-688

-784,16,-672

-672,0,-784

-512,-16,-784

-416,-16,-816

-320,16,-928

-144,0,-976

32,16,-1008

96,16,-976

208,32,-1040

384,32,-944

400,32,-944

512,16,-880

640,16,-848

672,32,-768

752,32,-704

800,48,-592

992,32,-496

1072,16,-320

1120,16,-192

1136,-32,-144

1088,-48,144

1040,-32,176

976,-48,464

1008,-16,512

912,16,512

800,112,656

688,64,752

688,32,768

640,64,848

624,48,848

672,32,848

640,80,928

784,32,864

960,-32,480

816,-16,608

720,-32,512

848,-48,544

896,-32,352

1024,-80,0

1024,-96,-48

1072,-112,64

1024,-128,-32

880,-144,-432

1008,-208,-480

224,-128,-832

272,-128,-848

256,-128,-800

528,-112,-832

416,-64,-688

464,-48,-864

368,0,-1184

576,-32,-800

736,-128,-928

432,-96,-640

336,-96,-896

144,-144,-832

-16,-144,-832

16,-128,-1008

-112,-144,-816

-128,-96,-1184

-528,-128,-960

-528,-160,-624

-704,-128,-720

-880,-144,-384

-912,-128,-640

-896,-160,160

-1008,-144,-208

-1008,-144,-80

-1040,-144,-48

-976,-160,-32

-960,-160,-272

-976,-144,-288

-928,-128,-320

-800,-96,-688

-816,-64,-592

-768,0,-912

-592,-64,-784

-544,-32,-896

-256,-80,-832

-240,-48,-1024

-112,-32,-1072

208,-32,-1024

304,-32,-912

416,-48,-928

576,-32,-992

592,-64,-768

768,-48,-752

