192,-976,-288

272,-752,-656

240,-528,-864

256,-272,-912

256,80,-896

256,352,-976

208,640,-832

192,720,-672

96,912,-384

160,928,-192

208,1056,64

208,1056,144

192,1040,64

224,992,-96

208,960,-256

160,896,-448

144,880,-624

112,720,-736

128,592,-912

192,400,-816

288,208,-992

320,-128,-1008

240,-544,-704

176,-720,-752

160,-784,-656

224,-864,-528

144,-912,-272

176,-976,-160

144,-1024,-176

144,-1024,-240

160,-944,-416

176,-944,-592

64,-720,-816

16,-544,-736

240,-400,-976

240,-256,-944

240,-112,-1024

192,80,-976

144,192,-1008

128,304,-944

112,432,-912

32,592,-848

96,784,-720

128,864,-704

128,960,-416

112,992,-304

80,1008,-160

96,1040,-176

112,960,-320

96,832,-480

80,768,-608

64,624,-784

208,480,-912

224,240,-992

256,96,-1008

112,-160,-944

128,-352,-880

160,-704,-784

160,-768,-608

144,-928,-528

112,-960,-384

192,-960,-304

176,-896,-368

240,-912,-432

224,-928,-432

224,-912,-416

224,-912,-416

208,-912,-416

224,-848,-544

144,-720,-704

64,-560,-752

80,-464,-848

80,-224,-1008

128,-32,-1008

80,144,-976

80,336,-992

96,544,-944

64,720,-704

96,848,-464

64,1008,-304

80,1008,-160

96,1040,-32

128,1040,160

112,1024,288

128,976,400

112,976,400

144,976,304

128,1008,96

144,1024,-112

144,928,-432

128,848,-608

192,608,-800

208,400,-864

224,160,-976

192,-80,-1024

128,-336,-880

160,-512,-848

144,-592,-864

80,-896,-512

112,-912,-448

160,-1008,-208

128,-992,-128

144,-1040,-32

192,-1040,-64

192,-960,-208

256,-960,-288

304,-928,-416

192,-880,-448

352,-800,-304

320,-800,-624

304,-784,-608

384,-688,-704

304,-400,-928

272,-208,-976

208,-16,-896

208,272,-912

224,640,-928

192,752,-672

144,848,-512

176,1008,-352

144,976,-160

128,1008,-64

144,1024,16

160,1024,64

160,1024,16

144,992,-48

160,1040,-176

144,1008,-256

160,960,-304

160,960,-416

192,816,-640

224,448,-912

368,144,-1056

464,-48,-912

400,-160,-864

320,-800,-592

240,-816,-640

224,-960,-240

224,-992,-224

240,-944,-304

272,-864,-464

288,-736,-624

208,-416,-944

160,-176,-1008

112,64,-1040

64,160,-1008

16,448,-912

48,608,-816

32,736,-672

48,928,-496

16,1056,-288

16,1040,-112

32,1024,160

64,960,320

160,928,512

160,1008,288

160,1024,48

144,1008,-208

128,864,-528

208,672,-752

272,416,-880

320,176,-944

288,-144,-832

192,-848,-624

160,-976,-464

192,-912,-288

176,-992,-240

240,-960,-208

