848,-144,-560

1008,-96,-160

1072,-112,64

1008,-160,336

800,-80,736

560,-64,864

368,-16,976

-16,64,1056

-240,48,992

-192,0,1056

16,-16,1024

320,-16,1008

624,-32,896

864,-80,624

1008,-144,240

1056,-160,-16

992,-160,-256

768,-160,-656

624,-208,-816

624,-176,-800

736,-176,-704

992,-176,-400

1008,-128,-112

1040,-80,192

992,-64,384

896,-48,528

672,0,800

528,32,928

304,32,976

80,32,1008

-176,48,1024

-304,64,976

-352,48,944

-160,16,1040

-32,16,1040

32,-48,992

272,0,992

720,-96,800

960,-192,400

1024,-192,64

1008,-176,-208

896,-176,-512

720,-128,-704

576,-64,-912

448,-48,-992

368,16,-944

448,-32,-928

688,0,-736

944,-32,-448

1072,0,-96

1024,48,176

992,80,400

848,64,576

800,96,752

624,64,848

384,80,1024

96,128,1040

-48,80,1024

-208,48,992

-256,80,1008

-160,80,1008

80,80,1056

432,64,944

864,-32,688

960,-32,368

1088,-64,0

1008,-64,-288

752,-96,-640

544,-144,-848

240,-144,-1024

16,-64,-1072

-128,-32,-1056

16,-64,-1024

272,-48,-1024

656,-16,-784

864,32,-544

1008,48,-128

992,48,128

960,32,416

816,48,720

688,80,848

432,64,1024

-16,0,1040

-48,-16,1024

-144,-32,1056

-240,-48,1072

-528,32,960

-480,16,928

-480,0,880

-368,0,1008

-240,0,1056

-160,16,1008

-80,16,1040

80,-16,1024

304,-48,944

640,-112,800

928,-128,432

1040,-144,144

944,-144,-400

752,-144,-704

576,-112,-816

400,-96,-944

144,-64,-976

-48,-112,-1040

-144,-96,-1024

-32,-80,-976

368,-64,-1008

688,-16,-768

928,-64,-400

1056,-48,-64

1024,-80,240

896,-64,496

656,-32,832

480,-32,928

272,-32,1024

112,-64,1184

-160,-64,944

-240,-64,1008

-272,-48,960

-240,-32,976

-48,-64,1040

112,-64,1040

240,-32,1024

608,-112,896

976,-128,432

1040,-176,0

976,-160,-352

784,-144,-624

176,-96,-1008

-16,-80,-1024

-112,-96,-1008

-80,-80,-1008

112,-128,-1024

576,-128,-848

880,-96,-480

1008,-64,-176

1040,-64,144

944,-16,464

784,48,656

672,48,912

432,16,976

208,0,1072

32,-16,1056

-224,-16,944

-320,0,1024

-240,0,1008

96,-80,1056

336,16,976

544,32,880

704,-16,784

896,-64,544

1024,-144,64

992,-160,-240

784,-144,-672

528,-128,-896

304,-112,-960

96,-112,-1008

16,-80,-1040

48,-112,-1024

384,-112,-896

880,-176,-496

1008,-192,-16

1024,-160,288

848,-80,720

496,-64,896

176,0,1072

-32,-16,1040

-64,-32,1040

-112,-48,1024

176,-32,1104

496,-64,944

624,-64,864

832,-80,656

960,-128,480

1040,-176,160

1024,-224,-256

704,-192,-704

416,-160,-896

32,-160,-1040

16,-160,-1024

176,-144,-1008

688,-176,-736

