-112,48,1040

-208,64,1088

-64,16,1072

-16,0,1104

-96,48,864

336,-80,928

48,-16,1056

240,-64,1120

-544,160,1200

-32,80,928

-80,80,960

96,-16,944

112,0,864

96,-16,1056

16,-16,960

32,-32,912

-16,-32,1024

128,-64,1056

448,-96,896

192,0,1056

-144,48,1216

64,16,992

112,-48,1072

-80,-16,944

-48,16,1296

224,-48,1040

240,-64,1056

160,-48,976

-96,32,832

128,32,912

144,32,1104

448,-32,864

432,16,1072

-1232,288,1088

-336,144,1152

-160,160,1200

1216,-64,1168

496,0,1008

-400,176,1136

-848,112,1248

-288,112,1152

-16,112,1040

400,80,1072

1088,-16,1040

432,48,912

-384,48,976

-416,96,1264

-304,64,1280

-64,-96,960

240,0,1088

960,-96,944

800,-128,784

-512,80,1088

-448,128,1392

-368,96,1248

-64,256,1168

288,-32,1232

864,48,1008

592,-48,960

64,16,848

-192,112,1328

-720,144,1408

-368,128,896

720,160,1344

1024,80,1120

864,64,800

240,208,1056

-512,368,1472

-1456,368,1616

-192,240,1104

80,176,1024

528,272,768

976,48,1136

544,144,944

320,208,1088

-1184,224,1264

-176,144,944

-128,16,1056

128,32,928

240,0,960

144,0,976

-16,0,1152

0,-80,1056

176,-224,1072

112,-128,1008

160,32,832

160,0,848

-16,288,976

-112,320,1024

-144,272,1056

0,432,896

64,96,1152

-176,-208,1120

272,-448,1072

64,-496,1104

192,-464,1136

16,-368,848

-16,384,992

96,816,1264

48,576,992

64,352,1232

-160,0,1136

-96,-336,1248

208,-816,1248

160,-704,992

352,-704,784

80,32,528

-96,720,1168

192,560,800

32,192,1056

-112,-336,1248

256,-688,800

432,-992,1168

240,-800,752

352,-80,1040

32,576,912

400,800,1200

-128,640,720

256,464,1120

80,112,1136

32,-528,1200

256,-768,1248

144,-320,1008

192,48,1184

320,-64,960

336,-96,992

0,-16,1136

16,0,1200

48,-48,976

32,48,1104

176,48,1104

176,32,1072

176,-144,1120

176,-64,1024

224,16,912

80,-48,1040

192,-32,1008

208,-48,992

208,-48,1056

176,-48,1072

192,-32,944

176,-80,1008

208,-80,1056

256,-96,1024

224,-80,1072

192,-80,1008

192,-112,1088

176,-112,1088

128,-112,992

176,-128,1024

144,-112,1088

112,-80,992

-16,-16,1040

16,-16,1024

16,0,1072

-16,32,1088

-16,32,1040

16,-32,1072

16,-16,976

-112,16,1104

-96,0,1088

0,32,1008

-96,64,1008

-48,16,992

-96,32,1056

-96,48,960

-128,64,1056

-128,96,1056

-96,64,1072

-96,48,1056

-32,48,1024

-48,0,1024

-64,-48,1088

32,-64,1024

16,0,1024

-16,0,1008

