-640,-48,640

-704,-32,640

-640,-48,640

-704,-32,640

-640,-48,640

-688,-80,672

-688,-112,720

-672,-176,736

-720,-160,640

-704,-288,976

-688,-208,752

-592,-96,784

-624,480,352

-832,336,656

-816,-160,624

-608,-640,848

-720,-544,800

-736,-512,736

-1056,-96,448

-656,416,800

-1024,640,432

-848,496,480

-1024,432,736

-1008,-112,560

-704,-736,848

-720,-864,752

-864,-576,576

-768,224,192

-1200,1136,1456

-672,752,384

-768,416,416

-1200,-144,320

-672,-816,1312

-848,-688,720

-736,-704,688

-720,64,848

-1024,1088,1584

-944,976,880

-720,592,400

-496,80,640

-1056,-560,800

-624,-928,1072

-768,-656,496

-1088,-432,560

-1120,880,448

-976,1216,1344

-736,912,400

-656,160,288

-912,-400,1248

-1248,-720,912

-1088,-672,624

-1248,-352,496

-1632,720,800

-816,944,1440

-672,512,-48

-960,320,576

-912,-240,592

-1008,-608,736

-432,-496,656

-720,144,-320

-784,896,576

-896,880,496

-672,496,432

-768,64,432

-1264,-656,976

-1136,-528,624

-656,-688,704

-640,-112,272

-560,608,784

-800,800,544

-624,576,432

-1376,176,400

-1008,-784,784

-880,-48,560

-848,80,592

-640,-16,656

-336,-208,1664

-1536,896,-544

-1552,448,-384

-1152,272,352

48,64,1680

240,128,1232

-544,224,1184

-1776,240,560

-1712,304,272

-560,-16,480

96,304,1136

640,160,1264

352,192,1232

-1264,336,1216

-2032,336,992

-992,128,736

-256,320,1024

736,176,1408

400,48,912

16,96,656

-1232,384,896

-1520,304,1040

-736,48,688

96,416,1424

1312,16,1392

416,208,1088

-640,192,1104

-2032,512,736

-1040,192,784

-192,144,496

832,192,1072

624,128,1152

512,240,1120

-1312,624,608

-2032,528,368

-752,416,976

0,208,848

1072,32,1920

608,64,1024

-288,256,1248

-1440,512,896

-1408,304,656

-272,128,1056

512,192,752

1376,-160,1552

144,224,1248

-1040,480,1152

-2032,480,224

-1024,256,640

-448,176,1888

752,-96,1152

800,0,1152

-32,352,1008

-1968,480,736

-1328,288,480

-688,240,1648

-336,336,1328

1184,96,1392

672,96,1088

-80,256,1184

-1840,384,832

-1488,208,928

-480,128,1104

656,112,1424

1728,-128,1296

512,128,1600

-544,448,1072

-2032,336,1072

-880,192,656

160,32,496

688,112,512

1360,160,1136

400,416,1280

-2000,816,672

-1792,384,608

-672,448,1216

432,240,1856

928,176,1248

672,240,1072

-736,640,1408

-2032,544,304

-1024,272,640

144,144,992

960,144,1232

1312,-48,992

-32,320,1072

-1488,320,480

-2000,336,288

-1088,384,1184

-192,144,1296

416,48,992

448,48,1216

-64,240,1136

-1376,448,608

-1968,368,704

-1040,208,848

-400,64,768

-224,208,1680

96,-128,1056

-624,0,960

-816,-32,736

-768,48,784

-448,288,1088

-224,288,832

-816,-416,1024

-464,-736,944

-768,-672,848

-944,-336,992

-608,1008,736

-240,928,1328

-384,688,752

-832,128,688

