288,32,592

928,224,2032

64,336,1968

208,112,896

176,-80,64

-80,-96,368

-208,-64,448

144,48,896

64,336,1984

224,96,1136

160,32,800

-16,-80,192

-64,-48,192

-48,80,688

16,304,1104

272,368,2032

176,192,1280

288,0,560

0,-128,256

-48,-112,256

96,112,992

448,320,2032

-16,256,1536

224,80,800

96,-96,112

0,-128,192

272,96,1520

336,304,2032

64,144,1152

224,-16,48

80,-80,-592

160,208,1408

-32,448,2032

80,96,752

288,-96,-208

64,-48,-480

560,480,2032

-64,464,2032

192,96,992

384,-80,-368

-96,-96,-496

272,368,864

704,512,2032

-48,416,1616

544,176,16

112,-64,-544

16,80,-176

384,480,1696

704,448,2032

240,176,1120

352,-32,-48

-112,-160,416

64,-144,32

240,32,1216

592,144,1760

352,128,1872

304,80,1232

240,-48,720

112,-144,816

-144,-144,880

-144,-128,736

-32,-144,976

-16,-80,1056

80,-80,1104

144,-96,1024

96,-96,1024

112,-96,1088

80,-80,1072

96,-64,976

144,-64,992

144,-48,1008

112,-32,1056

128,-16,1024

128,-16,1040

144,-32,1040

144,-16,1040

160,-16,1040

176,-16,1008

176,0,1056

160,0,1056

160,0,1040

176,0,1040

144,0,1120

176,0,1072

160,-16,1008

128,0,976

160,0,944

160,0,1040

160,0,1072

160,0,1024

160,0,1056

128,-16,1040

96,-16,992

80,-16,992

96,-32,1104

112,-32,1072

96,-64,960

96,-80,976

64,-80,1008

16,-64,1072

32,-48,1040

48,-80,976

96,-96,1072

32,-64,1072

80,-64,1024

32,-80,1024

32,-64,1056

-16,-64,1008

32,-80,1040

32,-96,1040

0,-96,976

16,-96,1008

32,-96,1024

0,-80,1024

48,-112,1024

-32,-112,1024

0,-112,1040

0,-112,1008

0,-112,1008

16,-112,1040

16,-112,1072

32,-128,1008

0,-112,1008

16,-112,1008

16,-112,1120

32,-112,1024

0,-112,944

32,-112,1040

64,-96,1024

0,-112,976

64,-96,1088

48,-112,960

48,-96,1008

32,-80,1024

80,-80,1008

64,-80,976

64,-80,1056

96,-64,992

80,-32,1040

80,-32,672

64,-16,992

80,-16,1136

64,0,1104

176,0,1104

128,16,1088

144,16,1056

80,32,1072

96,32,1024

96,48,1008

80,48,1056

112,32,1056

192,32,944

192,16,1216

224,48,1344

160,48,1344

256,-16,688

128,-64,720

96,-48,992

64,-48,976

16,-48,1040

64,-80,1008

0,-80,1040

16,-80,1024

32,-80,944

0,-64,928

16,-208,48

-16,-32,1040

432,160,704

400,-96,2032

-80,16,960

144,16,848

32,32,1280

208,32,976

192,32,1008

192,32,1136

256,80,2032

912,0,1808

240,96,-16

-48,-176,32

-144,0,864

-208,-96,992

